rank,current money,money earned by selling shares,money earned by payoff,money lost by buying shares,euclidean distance
1,112.73509,0.0,21.343248,8.608154,22.126043
2,112.53893,0.0,52.99548,40.456543,15.262645
3,104.9905,0.0,41.157497,36.166992,18.527
4,100.9425,0.0,71.29208,70.34961,17.664011
5,100.61816,0.0,0.0,0.0,16.715986
6,100.00126,0.0,0.00199227,7.324219E-4,37.000435
7,100.0,0.0,0.0,0.0,21.646765
8,100.0,0.0,0.0,0.0,31.546705
9,100.0,0.0,0.0,0.0,30.43119
10,100.0,0.0,0.0,0.0,34.320637
11,100.0,0.0,0.0,0.0,26.79636
12,100.0,0.0,0.0,0.0,34.22485
13,100.0,0.0,0.0,0.0,28.12289
14,100.0,0.0,0.0,0.0,32.563354
15,100.0,0.0,0.0,0.0,27.607557
16,100.0,0.0,0.0,0.0,24.149483
17,100.0,0.0,0.0,0.0,28.263647
18,100.0,0.0,0.0,0.0,17.639694
19,100.0,0.0,0.0,0.0,31.05307
20,100.0,0.0,0.0,0.0,20.54779
21,100.0,0.0,0.0,0.0,34.740173
22,100.0,0.0,0.0,0.0,28.515266
23,100.0,0.0,0.0,0.0,34.66199
24,100.0,0.0,0.0,0.0,34.045742
25,100.0,0.0,0.0,0.0,25.72412
26,100.0,0.0,0.0,0.0,25.992357
27,100.0,0.0,0.0,0.0,24.317461
28,100.0,0.0,0.0,0.0,36.85773
29,100.0,0.0,0.0,0.0,23.42909
30,100.0,0.0,0.0,0.0,37.100464
31,100.0,0.0,0.0,0.0,28.504587
32,100.0,0.0,0.0,0.0,31.963614
33,100.0,0.0,0.0,0.0,25.887411
34,100.0,0.0,0.0,0.0,31.149208
35,100.0,0.0,0.0,0.0,32.66518
36,100.0,0.0,0.0,0.0,32.77983
37,100.0,0.0,0.0,0.0,29.470726
38,100.0,0.0,0.0,0.0,20.459473
39,100.0,0.0,0.0,0.0,29.473633
40,100.0,0.0,0.0,0.0,33.165615
41,100.0,0.0,0.0,0.0,35.27995
42,100.0,0.0,0.0,0.0,26.131428
43,100.0,0.0,0.0,0.0,38.984997
44,100.0,0.0,0.0,0.0,33.743668
45,100.0,0.0,0.0,0.0,31.051514
46,100.0,0.0,0.0,0.0,30.47611
47,100.0,0.0,0.0,0.0,30.263313
48,100.0,0.0,0.0,0.0,33.949135
49,100.0,0.0,0.0,0.0,31.93488
50,100.0,0.0,0.0,0.0,20.120049
51,100.0,0.0,0.0,0.0,31.85778
52,100.0,0.0,0.0,0.0,35.39099
53,100.0,0.0,0.0,0.0,28.678251
54,100.0,0.0,0.0,0.0,29.01288
55,100.0,0.0,0.0,0.0,34.490192
56,100.0,0.0,0.0,0.0,29.645317
57,100.0,0.0,0.0,0.0,30.476683
58,100.0,0.0,0.0,0.0,29.440052
59,100.0,0.0,0.0,0.0,31.866138
60,100.0,0.0,0.0,0.0,29.025377
61,100.0,0.0,0.0,0.0,38.855583
62,100.0,0.0,0.0,0.0,30.090157
63,100.0,0.0,0.0,0.0,29.399755
64,100.0,0.0,0.0,0.0,27.395334
65,100.0,0.0,0.0,0.0,26.140358
66,100.0,0.0,0.0,0.0,28.693237
67,100.0,0.0,0.0,0.0,34.838615
68,100.0,0.0,0.0,0.0,32.975506
69,100.0,0.0,0.0,0.0,31.595943
70,100.0,0.0,0.0,0.0,34.657104
71,100.0,0.0,0.0,0.0,32.08868
72,100.0,0.0,0.0,0.0,35.136147
73,100.0,0.0,0.0,0.0,28.145645
74,100.0,0.0,0.0,0.0,41.69824
75,100.0,0.0,0.0,0.0,30.478073
76,100.0,0.0,0.0,0.0,30.970476
77,100.0,0.0,0.0,0.0,32.482765
78,100.0,0.0,0.0,0.0,20.454832
79,100.0,0.0,0.0,0.0,29.812521
80,100.0,0.0,0.0,0.0,31.819653
81,100.0,0.0,0.0,0.0,31.102982
82,100.0,0.0,0.0,0.0,23.14511
83,100.0,0.0,0.0,0.0,29.1542
84,100.0,0.0,0.0,0.0,39.94076
85,100.0,0.0,0.0,0.0,26.081995
86,100.0,0.0,0.0,0.0,31.064049
87,100.0,0.0,0.0,0.0,31.985052
88,100.0,0.0,0.0,0.0,17.616592
89,100.0,0.0,0.0,0.0,21.30546
90,100.0,0.0,0.0,0.0,16.982037
91,100.0,0.0,0.0,0.0,15.870409
92,100.0,0.0,0.0,0.0,15.987177
93,100.0,0.0,0.0,0.0,20.13103
94,100.0,0.0,0.0,0.0,22.146395
95,100.0,0.0,0.0,0.0,17.420458
96,100.0,0.0,0.0,0.0,16.802317
97,100.0,0.0,0.0,0.0,16.976917
98,100.0,0.0,0.0,0.0,25.705046
99,100.0,0.0,0.0,0.0,17.88356
100,100.0,0.0,0.0,0.0,22.45874
101,100.0,0.0,0.0,0.0,22.62213
102,100.0,0.0,0.0,0.0,16.73332
103,100.0,0.0,0.0,0.0,21.551987
104,100.0,0.0,0.0,0.0,19.281492
105,100.0,0.0,0.0,0.0,21.50419
106,100.0,0.0,0.0,0.0,16.058386
107,100.0,0.0,0.0,0.0,20.103828
108,100.0,0.0,0.0,0.0,19.896038
109,100.0,0.0,0.0,0.0,16.8792
110,100.0,0.0,0.0,0.0,16.938553
111,100.0,0.0,0.0,0.0,20.325777
112,100.0,0.0,0.0,0.0,16.345726
113,100.0,0.0,0.0,0.0,16.71051
114,100.0,0.0,0.0,0.0,18.109186
115,100.0,0.0,0.0,0.0,23.610188
116,100.0,0.0,0.0,0.0,16.539694
117,100.0,0.0,0.0,0.0,17.982693
118,100.0,0.0,0.0,0.0,23.388578
119,100.0,0.0,0.0,0.0,21.832752
120,100.0,0.0,0.0,0.0,19.95851
121,100.0,0.0,0.0,0.0,19.299915
122,100.0,0.0,0.0,0.0,16.241383
123,100.0,0.0,0.0,0.0,19.456045
124,100.0,0.0,0.0,0.0,18.278572
125,100.0,0.0,0.0,0.0,16.75197
126,100.0,0.0,0.0,0.0,18.18073
127,100.0,0.0,0.0,0.0,15.854213
128,100.0,0.0,0.0,0.0,33.24605
129,100.0,0.0,0.0,0.0,29.187834
130,100.0,0.0,0.0,0.0,33.09637
131,100.0,0.0,0.0,0.0,24.582058
132,100.0,0.0,0.0,0.0,34.29978
133,100.0,0.0,0.0,0.0,32.467804
134,100.0,0.0,0.0,0.0,28.135925
135,100.0,0.0,0.0,0.0,35.83896
136,100.0,0.0,0.0,0.0,24.446447
137,100.0,0.0,0.0,0.0,31.037094
138,100.0,0.0,0.0,0.0,35.45288
139,100.0,0.0,0.0,0.0,29.468443
140,100.0,0.0,0.0,0.0,25.721552
141,100.0,0.0,0.0,0.0,27.156021
142,100.0,0.0,0.0,0.0,33.3667
143,100.0,0.0,0.0,0.0,36.28816
144,100.0,0.0,0.0,0.0,30.282034
145,100.0,0.0,0.0,0.0,27.403406
146,100.0,0.0,0.0,0.0,22.286684
147,100.0,0.0,0.0,0.0,30.23119
148,100.0,0.0,0.0,0.0,24.566118
149,100.0,0.0,0.0,0.0,31.094511
150,100.0,0.0,0.0,0.0,34.88457
151,100.0,0.0,0.0,0.0,30.976074
152,100.0,0.0,0.0,0.0,25.524855
153,100.0,0.0,0.0,0.0,22.246214
154,100.0,0.0,0.0,0.0,23.215097
155,100.0,0.0,0.0,0.0,34.999004
156,100.0,0.0,0.0,0.0,26.867708
157,100.0,0.0,0.0,0.0,32.17836
158,100.0,0.0,0.0,0.0,30.452166
159,100.0,0.0,0.0,0.0,30.796305
160,100.0,0.0,0.0,0.0,25.05304
161,100.0,0.0,0.0,0.0,33.913116
162,100.0,0.0,0.0,0.0,24.567575
163,100.0,0.0,0.0,0.0,33.515156
164,100.0,0.0,0.0,0.0,34.893795
165,100.0,0.0,0.0,0.0,24.272146
166,100.0,0.0,0.0,0.0,31.884117
167,100.0,0.0,0.0,0.0,27.876293
168,100.0,0.0,0.0,0.0,27.768171
169,100.0,0.0,0.0,0.0,30.529676
170,100.0,0.0,0.0,0.0,35.176884
171,100.0,0.0,0.0,0.0,27.072199
172,100.0,0.0,0.0,0.0,32.17394
173,100.0,0.0,0.0,0.0,26.818039
174,100.0,0.0,0.0,0.0,31.492044
175,100.0,0.0,0.0,0.0,27.790327
176,100.0,0.0,0.0,0.0,28.167492
177,100.0,0.0,0.0,0.0,33.701782
178,100.0,0.0,0.0,0.0,32.19358
179,100.0,0.0,0.0,0.0,34.934364
180,100.0,0.0,0.0,0.0,31.611082
181,100.0,0.0,0.0,0.0,27.900885
182,100.0,0.0,0.0,0.0,26.0372
183,100.0,0.0,0.0,0.0,34.621548
184,100.0,0.0,0.0,0.0,25.319273
185,100.0,0.0,0.0,0.0,32.86288
186,100.0,0.0,0.0,0.0,37.645596
187,100.0,0.0,0.0,0.0,28.97779
188,100.0,0.0,0.0,0.0,34.823685
189,100.0,0.0,0.0,0.0,31.960695
190,100.0,0.0,0.0,0.0,33.14506
191,100.0,0.0,0.0,0.0,30.92761
192,100.0,0.0,0.0,0.0,31.81833
193,100.0,0.0,0.0,0.0,27.028294
194,100.0,0.0,0.0,0.0,39.206337
195,100.0,0.0,0.0,0.0,27.277473
196,100.0,0.0,0.0,0.0,29.053606
197,100.0,0.0,0.0,0.0,27.914148
198,100.0,0.0,0.0,0.0,25.846533
199,100.0,0.0,0.0,0.0,23.37364
200,100.0,0.0,0.0,0.0,27.072584
201,100.0,0.0,0.0,0.0,33.934574
202,100.0,0.0,0.0,0.0,25.496094
203,100.0,0.0,0.0,0.0,29.69642
204,100.0,0.0,0.0,0.0,26.63219
205,100.0,0.0,0.0,0.0,29.149746
206,100.0,0.0,0.0,0.0,24.811934
207,100.0,0.0,0.0,0.0,26.323477
208,100.0,0.0,0.0,0.0,20.138186
209,100.0,0.0,0.0,0.0,22.849066
210,100.0,0.0,0.0,0.0,22.16241
211,100.0,0.0,0.0,0.0,17.280487
212,100.0,0.0,0.0,0.0,17.412104
213,100.0,0.0,0.0,0.0,17.204514
214,100.0,0.0,0.0,0.0,19.743113
215,100.0,0.0,0.0,0.0,21.944065
216,100.0,0.0,0.0,0.0,20.631386
217,100.0,0.0,0.0,0.0,20.977554
218,100.0,0.0,0.0,0.0,26.425432
219,100.0,0.0,0.0,0.0,19.768454
220,100.0,0.0,0.0,0.0,19.2098
221,100.0,0.0,0.0,0.0,19.144922
222,100.0,0.0,0.0,0.0,15.48777
223,100.0,0.0,0.0,0.0,22.553009
224,100.0,0.0,0.0,0.0,16.710588
225,100.0,0.0,0.0,0.0,20.751131
226,100.0,0.0,0.0,0.0,21.167917
227,100.0,0.0,0.0,0.0,18.637545
228,100.0,0.0,0.0,0.0,21.008862
229,100.0,0.0,0.0,0.0,19.58708
230,100.0,0.0,0.0,0.0,16.19154
231,100.0,0.0,0.0,0.0,23.110746
232,100.0,0.0,0.0,0.0,16.875183
233,100.0,0.0,0.0,0.0,23.619495
234,100.0,0.0,0.0,0.0,17.574446
235,100.0,0.0,0.0,0.0,18.72319
236,100.0,0.0,0.0,0.0,22.800709
237,100.0,0.0,0.0,0.0,16.11149
238,100.0,0.0,0.0,0.0,14.183946
239,100.0,0.0,0.0,0.0,20.784872
240,100.0,0.0,0.0,0.0,19.502537
241,100.0,0.0,0.0,0.0,19.346287
242,100.0,0.0,0.0,0.0,22.81833
243,100.0,0.0,0.0,0.0,18.009382
244,100.0,0.0,0.0,0.0,20.498703
245,100.0,0.0,0.0,0.0,23.785225
246,100.0,0.0,0.0,0.0,15.925131
247,100.0,0.0,0.0,0.0,16.11537
248,100.0,0.0,0.0,0.0,34.62052
249,100.0,0.0,0.0,0.0,27.717346
250,100.0,0.0,0.0,0.0,28.99356
251,100.0,0.0,0.0,0.0,27.20194
252,100.0,0.0,0.0,0.0,35.932392
253,100.0,0.0,0.0,0.0,26.67985
254,100.0,0.0,0.0,0.0,32.317486
255,100.0,0.0,0.0,0.0,32.827755
256,100.0,0.0,0.0,0.0,29.382536
257,100.0,0.0,0.0,0.0,28.607986
258,100.0,0.0,0.0,0.0,25.86867
259,100.0,0.0,0.0,0.0,37.344048
260,100.0,0.0,0.0,0.0,26.045639
261,100.0,0.0,0.0,0.0,32.524803
262,100.0,0.0,0.0,0.0,29.619999
263,100.0,0.0,0.0,0.0,25.132454
264,100.0,0.0,0.0,0.0,30.935215
265,100.0,0.0,0.0,0.0,35.243023
266,100.0,0.0,0.0,0.0,28.479427
267,100.0,0.0,0.0,0.0,28.133873
268,100.0,0.0,0.0,0.0,27.4178
269,100.0,0.0,0.0,0.0,41.384853
270,100.0,0.0,0.0,0.0,35.27619
271,100.0,0.0,0.0,0.0,33.09201
272,100.0,0.0,0.0,0.0,24.935345
273,100.0,0.0,0.0,0.0,28.2266
274,100.0,0.0,0.0,0.0,29.71411
275,100.0,0.0,0.0,0.0,31.214136
276,100.0,0.0,0.0,0.0,30.705414
277,100.0,0.0,0.0,0.0,34.932377
278,100.0,0.0,0.0,0.0,33.867683
279,100.0,0.0,0.0,0.0,32.357674
280,100.0,0.0,0.0,0.0,32.660954
281,100.0,0.0,0.0,0.0,28.329994
282,100.0,0.0,0.0,0.0,30.995415
283,100.0,0.0,0.0,0.0,39.879414
284,100.0,0.0,0.0,0.0,33.18469
285,100.0,0.0,0.0,0.0,31.735197
286,100.0,0.0,0.0,0.0,29.913456
287,100.0,0.0,0.0,0.0,32.8638
288,100.0,0.0,0.0,0.0,32.11297
289,100.0,0.0,0.0,0.0,32.62754
290,100.0,0.0,0.0,0.0,26.535368
291,100.0,0.0,0.0,0.0,45.540867
292,100.0,0.0,0.0,0.0,44.23605
293,100.0,0.0,0.0,0.0,28.740599
294,100.0,0.0,0.0,0.0,27.42542
295,100.0,0.0,0.0,0.0,33.5556
296,100.0,0.0,0.0,0.0,28.024464
297,100.0,0.0,0.0,0.0,28.107765
298,100.0,0.0,0.0,0.0,34.51695
299,100.0,0.0,0.0,0.0,26.458342
300,100.0,0.0,0.0,0.0,26.571829
301,100.0,0.0,0.0,0.0,36.949795
302,100.0,0.0,0.0,0.0,28.757694
303,100.0,0.0,0.0,0.0,29.725855
304,100.0,0.0,0.0,0.0,24.960707
305,100.0,0.0,0.0,0.0,25.695894
306,100.0,0.0,0.0,0.0,37.40927
307,100.0,0.0,0.0,0.0,33.621395
308,100.0,0.0,0.0,0.0,25.330505
309,100.0,0.0,0.0,0.0,19.073498
310,100.0,0.0,0.0,0.0,38.130627
311,100.0,0.0,0.0,0.0,30.948057
312,100.0,0.0,0.0,0.0,26.603695
313,100.0,0.0,0.0,0.0,33.165
314,100.0,0.0,0.0,0.0,33.812748
315,100.0,0.0,0.0,0.0,38.98246
316,100.0,0.0,0.0,0.0,28.69576
317,100.0,0.0,0.0,0.0,25.91704
318,100.0,0.0,0.0,0.0,18.299347
319,100.0,0.0,0.0,0.0,34.795933
320,100.0,0.0,0.0,0.0,32.15557
321,100.0,0.0,0.0,0.0,35.24819
322,100.0,0.0,0.0,0.0,31.093079
323,100.0,0.0,0.0,0.0,29.831608
324,100.0,0.0,0.0,0.0,23.940947
325,100.0,0.0,0.0,0.0,29.341276
326,100.0,0.0,0.0,0.0,31.738785
327,100.0,0.0,0.0,0.0,30.544281
328,100.0,0.0,0.0,0.0,19.233856
329,100.0,0.0,0.0,0.0,16.33262
330,100.0,0.0,0.0,0.0,22.815592
331,100.0,0.0,0.0,0.0,24.411692
332,100.0,0.0,0.0,0.0,21.165762
333,100.0,0.0,0.0,0.0,15.810635
334,100.0,0.0,0.0,0.0,19.777843
335,100.0,0.0,0.0,0.0,14.94884
336,100.0,0.0,0.0,0.0,13.739081
337,100.0,0.0,0.0,0.0,20.797445
338,100.0,0.0,0.0,0.0,21.29965
339,100.0,0.0,0.0,0.0,18.582085
340,100.0,0.0,0.0,0.0,20.135122
341,100.0,0.0,0.0,0.0,16.871466
342,100.0,0.0,0.0,0.0,19.528862
343,100.0,0.0,0.0,0.0,21.541151
344,100.0,0.0,0.0,0.0,22.600426
345,100.0,0.0,0.0,0.0,22.83262
346,100.0,0.0,0.0,0.0,18.004557
347,100.0,0.0,0.0,0.0,22.024267
348,100.0,0.0,0.0,0.0,19.943207
349,100.0,0.0,0.0,0.0,20.970083
350,100.0,0.0,0.0,0.0,23.744055
351,100.0,0.0,0.0,0.0,18.730696
352,100.0,0.0,0.0,0.0,18.951542
353,100.0,0.0,0.0,0.0,20.155296
354,100.0,0.0,0.0,0.0,18.88883
355,100.0,0.0,0.0,0.0,22.07583
356,100.0,0.0,0.0,0.0,22.906166
357,100.0,0.0,0.0,0.0,20.031168
358,100.0,0.0,0.0,0.0,17.251541
359,100.0,0.0,0.0,0.0,18.436771
360,100.0,0.0,0.0,0.0,18.724182
361,100.0,0.0,0.0,0.0,20.995602
362,100.0,0.0,0.0,0.0,12.65524
363,100.0,0.0,0.0,0.0,19.586567
364,100.0,0.0,0.0,0.0,18.395554
365,100.0,0.0,0.0,0.0,19.536404
366,100.0,0.0,0.0,0.0,24.876827
367,100.0,0.0,0.0,0.0,22.172081
368,100.0,0.0,0.0,0.0,33.190784
369,100.0,0.0,0.0,0.0,33.743893
370,100.0,0.0,0.0,0.0,22.325655
371,100.0,0.0,0.0,0.0,18.371887
372,100.0,0.0,0.0,0.0,29.855564
373,100.0,0.0,0.0,0.0,31.029875
374,100.0,0.0,0.0,0.0,27.270012
375,100.0,0.0,0.0,0.0,28.601696
376,100.0,0.0,0.0,0.0,26.23863
377,100.0,0.0,0.0,0.0,22.541697
378,100.0,0.0,0.0,0.0,33.839108
379,100.0,0.0,0.0,0.0,34.33305
380,100.0,0.0,0.0,0.0,33.161415
381,100.0,0.0,0.0,0.0,31.608116
382,100.0,0.0,0.0,0.0,32.1911
383,100.0,0.0,0.0,0.0,32.114143
384,100.0,0.0,0.0,0.0,23.316603
385,100.0,0.0,0.0,0.0,30.179014
386,100.0,0.0,0.0,0.0,30.4272
387,100.0,0.0,0.0,0.0,32.484837
388,100.0,0.0,0.0,0.0,27.144482
389,100.0,0.0,0.0,0.0,28.026054
390,100.0,0.0,0.0,0.0,28.117924
391,100.0,0.0,0.0,0.0,28.945002
392,100.0,0.0,0.0,0.0,33.248726
393,100.0,0.0,0.0,0.0,26.223494
394,100.0,0.0,0.0,0.0,34.32165
395,100.0,0.0,0.0,0.0,26.31371
396,100.0,0.0,0.0,0.0,28.441431
397,100.0,0.0,0.0,0.0,35.93241
398,100.0,0.0,0.0,0.0,28.406054
399,100.0,0.0,0.0,0.0,23.706081
400,100.0,0.0,0.0,0.0,28.944069
401,100.0,0.0,0.0,0.0,31.916023
402,100.0,0.0,0.0,0.0,35.39166
403,100.0,0.0,0.0,0.0,17.590271
404,100.0,0.0,0.0,0.0,39.72322
405,100.0,0.0,0.0,0.0,29.67707
406,100.0,0.0,0.0,0.0,22.872467
407,100.0,0.0,0.0,0.0,34.532528
408,100.0,0.0,0.0,0.0,27.559084
409,100.0,0.0,0.0,0.0,34.32418
410,100.0,0.0,0.0,0.0,29.662943
411,100.0,0.0,0.0,0.0,32.43219
412,100.0,0.0,0.0,0.0,34.18751
413,100.0,0.0,0.0,0.0,40.64586
414,100.0,0.0,0.0,0.0,30.632448
415,100.0,0.0,0.0,0.0,24.976496
416,100.0,0.0,0.0,0.0,29.115025
417,100.0,0.0,0.0,0.0,32.067383
418,100.0,0.0,0.0,0.0,27.152042
419,100.0,0.0,0.0,0.0,33.732594
420,100.0,0.0,0.0,0.0,24.937986
421,100.0,0.0,0.0,0.0,31.479189
422,100.0,0.0,0.0,0.0,32.353127
423,100.0,0.0,0.0,0.0,28.17516
424,100.0,0.0,0.0,0.0,31.300367
425,100.0,0.0,0.0,0.0,35.20162
426,100.0,0.0,0.0,0.0,34.621582
427,100.0,0.0,0.0,0.0,34.867214
428,100.0,0.0,0.0,0.0,33.644993
429,100.0,0.0,0.0,0.0,28.340052
430,100.0,0.0,0.0,0.0,27.868923
431,100.0,0.0,0.0,0.0,31.22179
432,100.0,0.0,0.0,0.0,29.450512
433,100.0,0.0,0.0,0.0,27.608877
434,100.0,0.0,0.0,0.0,19.587189
435,100.0,0.0,0.0,0.0,32.037487
436,100.0,0.0,0.0,0.0,23.964914
437,100.0,0.0,0.0,0.0,28.214087
438,100.0,0.0,0.0,0.0,32.372913
439,100.0,0.0,0.0,0.0,28.29358
440,100.0,0.0,0.0,0.0,25.460928
441,100.0,0.0,0.0,0.0,26.115482
442,100.0,0.0,0.0,0.0,36.331974
443,100.0,0.0,0.0,0.0,23.839354
444,100.0,0.0,0.0,0.0,32.003197
445,100.0,0.0,0.0,0.0,34.805992
446,100.0,0.0,0.0,0.0,32.274593
447,100.0,0.0,0.0,0.0,32.374573
448,100.0,0.0,0.0,0.0,17.101282
449,100.0,0.0,0.0,0.0,21.17662
450,100.0,0.0,0.0,0.0,22.6562
451,100.0,0.0,0.0,0.0,17.804382
452,100.0,0.0,0.0,0.0,19.569117
453,100.0,0.0,0.0,0.0,27.294104
454,100.0,0.0,0.0,0.0,17.40704
455,100.0,0.0,0.0,0.0,17.952997
456,100.0,0.0,0.0,0.0,22.974745
457,100.0,0.0,0.0,0.0,18.134132
458,100.0,0.0,0.0,0.0,25.204775
459,100.0,0.0,0.0,0.0,19.811497
460,100.0,0.0,0.0,0.0,20.56123
461,100.0,0.0,0.0,0.0,16.225632
462,100.0,0.0,0.0,0.0,23.91991
463,100.0,0.0,0.0,0.0,17.248953
464,100.0,0.0,0.0,0.0,18.833117
465,100.0,0.0,0.0,0.0,21.394627
466,100.0,0.0,0.0,0.0,17.648966
467,100.0,0.0,0.0,0.0,21.113794
468,100.0,0.0,0.0,0.0,16.831274
469,100.0,0.0,0.0,0.0,18.951593
470,100.0,0.0,0.0,0.0,21.323782
471,100.0,0.0,0.0,0.0,15.683691
472,100.0,0.0,0.0,0.0,17.982456
473,100.0,0.0,0.0,0.0,18.06801
474,100.0,0.0,0.0,0.0,19.867361
475,100.0,0.0,0.0,0.0,22.952997
476,100.0,0.0,0.0,0.0,16.530802
477,100.0,0.0,0.0,0.0,14.666381
478,100.0,0.0,0.0,0.0,20.028427
479,100.0,0.0,0.0,0.0,15.430409
480,100.0,0.0,0.0,0.0,17.379295
481,100.0,0.0,0.0,0.0,23.084297
482,100.0,0.0,0.0,0.0,18.67196
483,100.0,0.0,0.0,0.0,16.40741
484,100.0,0.0,0.0,0.0,18.402086
485,100.0,0.0,0.0,0.0,22.081158
486,100.0,0.0,0.0,0.0,18.150925
487,100.0,0.0,0.0,0.0,16.819637
488,100.0,0.0,0.0,0.0,36.18138
489,100.0,0.0,0.0,0.0,27.995111
490,100.0,0.0,0.0,0.0,27.292343
491,100.0,0.0,0.0,0.0,29.944029
492,100.0,0.0,0.0,0.0,27.599226
493,100.0,0.0,0.0,0.0,34.2555
494,100.0,0.0,0.0,0.0,32.037952
495,100.0,0.0,0.0,0.0,28.445778
496,100.0,0.0,0.0,0.0,29.831308
497,100.0,0.0,0.0,0.0,31.683157
498,100.0,0.0,0.0,0.0,30.51773
499,100.0,0.0,0.0,0.0,35.311287
500,100.0,0.0,0.0,0.0,34.31507
501,100.0,0.0,0.0,0.0,33.17844
502,100.0,0.0,0.0,0.0,30.381334
503,100.0,0.0,0.0,0.0,26.963408
504,100.0,0.0,0.0,0.0,17.491379
505,100.0,0.0,0.0,0.0,29.884539
506,100.0,0.0,0.0,0.0,31.722628
507,100.0,0.0,0.0,0.0,27.696516
508,100.0,0.0,0.0,0.0,36.487644
509,100.0,0.0,0.0,0.0,29.835527
510,100.0,0.0,0.0,0.0,39.635677
511,100.0,0.0,0.0,0.0,25.323067
512,100.0,0.0,0.0,0.0,29.098171
513,100.0,0.0,0.0,0.0,24.511124
514,100.0,0.0,0.0,0.0,29.81468
515,100.0,0.0,0.0,0.0,37.93689
516,100.0,0.0,0.0,0.0,28.224434
517,100.0,0.0,0.0,0.0,24.719997
518,100.0,0.0,0.0,0.0,27.387999
519,100.0,0.0,0.0,0.0,33.90403
520,100.0,0.0,0.0,0.0,33.02356
521,100.0,0.0,0.0,0.0,23.167273
522,100.0,0.0,0.0,0.0,25.3995
523,100.0,0.0,0.0,0.0,28.333237
524,100.0,0.0,0.0,0.0,32.163048
525,100.0,0.0,0.0,0.0,23.727259
526,100.0,0.0,0.0,0.0,27.97336
527,100.0,0.0,0.0,0.0,33.88556
528,100.0,0.0,0.0,0.0,30.519958
529,100.0,0.0,0.0,0.0,33.55275
530,100.0,0.0,0.0,0.0,33.852497
531,100.0,0.0,0.0,0.0,28.650919
532,100.0,0.0,0.0,0.0,25.93247
533,100.0,0.0,0.0,0.0,25.254189
534,100.0,0.0,0.0,0.0,36.24447
535,100.0,0.0,0.0,0.0,34.1988
536,100.0,0.0,0.0,0.0,36.64662
537,100.0,0.0,0.0,0.0,32.95671
538,100.0,0.0,0.0,0.0,34.774277
539,100.0,0.0,0.0,0.0,32.60805
540,100.0,0.0,0.0,0.0,31.209684
541,100.0,0.0,0.0,0.0,34.760185
542,100.0,0.0,0.0,0.0,25.898436
543,100.0,0.0,0.0,0.0,36.06186
544,100.0,0.0,0.0,0.0,32.09743
545,100.0,0.0,0.0,0.0,34.774536
546,100.0,0.0,0.0,0.0,32.39034
547,100.0,0.0,0.0,0.0,36.568058
548,100.0,0.0,0.0,0.0,32.744144
549,100.0,0.0,0.0,0.0,32.672276
550,100.0,0.0,0.0,0.0,36.722656
551,100.0,0.0,0.0,0.0,28.978819
552,100.0,0.0,0.0,0.0,33.366013
553,100.0,0.0,0.0,0.0,32.811237
554,100.0,0.0,0.0,0.0,29.542442
555,100.0,0.0,0.0,0.0,31.16889
556,100.0,0.0,0.0,0.0,28.672764
557,100.0,0.0,0.0,0.0,39.348873
558,100.0,0.0,0.0,0.0,29.972668
559,100.0,0.0,0.0,0.0,33.462997
560,100.0,0.0,0.0,0.0,30.582296
561,100.0,0.0,0.0,0.0,36.3577
562,100.0,0.0,0.0,0.0,23.963058
563,100.0,0.0,0.0,0.0,36.531235
564,100.0,0.0,0.0,0.0,40.90917
565,100.0,0.0,0.0,0.0,30.274035
566,100.0,0.0,0.0,0.0,27.975119
567,100.0,0.0,0.0,0.0,30.731892
568,100.0,0.0,0.0,0.0,19.403904
569,100.0,0.0,0.0,0.0,27.034363
570,100.0,0.0,0.0,0.0,20.337242
571,100.0,0.0,0.0,0.0,20.319757
572,100.0,0.0,0.0,0.0,13.687721
573,100.0,0.0,0.0,0.0,17.107763
574,100.0,0.0,0.0,0.0,19.227697
575,100.0,0.0,0.0,0.0,17.189579
576,100.0,0.0,0.0,0.0,24.163424
577,100.0,0.0,0.0,0.0,21.793222
578,100.0,0.0,0.0,0.0,18.636374
579,100.0,0.0,0.0,0.0,19.234749
580,100.0,0.0,0.0,0.0,18.722036
581,100.0,0.0,0.0,0.0,18.810627
582,100.0,0.0,0.0,0.0,18.042334
583,100.0,0.0,0.0,0.0,16.2423
584,100.0,0.0,0.0,0.0,17.688433
585,100.0,0.0,0.0,0.0,20.583212
586,100.0,0.0,0.0,0.0,14.946396
587,100.0,0.0,0.0,0.0,19.645687
588,100.0,0.0,0.0,0.0,20.40068
589,100.0,0.0,0.0,0.0,23.66684
590,100.0,0.0,0.0,0.0,22.004787
591,100.0,0.0,0.0,0.0,17.753532
592,100.0,0.0,0.0,0.0,18.680246
593,100.0,0.0,0.0,0.0,18.031366
594,100.0,0.0,0.0,0.0,16.365597
595,100.0,0.0,0.0,0.0,20.38308
596,100.0,0.0,0.0,0.0,20.787497
597,100.0,0.0,0.0,0.0,15.752963
598,100.0,0.0,0.0,0.0,19.419754
599,100.0,0.0,0.0,0.0,19.129963
600,100.0,0.0,0.0,0.0,20.856146
601,100.0,0.0,0.0,0.0,20.961355
602,100.0,0.0,0.0,0.0,23.256588
603,100.0,0.0,0.0,0.0,18.237143
604,100.0,0.0,0.0,0.0,18.386549
605,100.0,0.0,0.0,0.0,22.937483
606,100.0,0.0,0.0,0.0,20.83582
607,100.0,0.0,0.0,0.0,17.241991
608,100.0,0.0,0.0,0.0,28.02363
609,100.0,0.0,0.0,0.0,35.822353
610,100.0,0.0,0.0,0.0,36.338364
611,100.0,0.0,0.0,0.0,34.122448
612,100.0,0.0,0.0,0.0,31.073582
613,100.0,0.0,0.0,0.0,24.464668
614,100.0,0.0,0.0,0.0,27.148113
615,100.0,0.0,0.0,0.0,25.189014
616,100.0,0.0,0.0,0.0,23.897848
617,100.0,0.0,0.0,0.0,26.056152
618,100.0,0.0,0.0,0.0,21.095406
619,100.0,0.0,0.0,0.0,25.394531
620,100.0,0.0,0.0,0.0,28.369898
621,100.0,0.0,0.0,0.0,32.08
622,100.0,0.0,0.0,0.0,32.445858
623,100.0,0.0,0.0,0.0,27.56712
624,100.0,0.0,0.0,0.0,30.772934
625,100.0,0.0,0.0,0.0,32.884846
626,100.0,0.0,0.0,0.0,28.880245
627,100.0,0.0,0.0,0.0,28.59142
628,100.0,0.0,0.0,0.0,25.223696
629,100.0,0.0,0.0,0.0,34.821644
630,100.0,0.0,0.0,0.0,22.217524
631,100.0,0.0,0.0,0.0,26.415586
632,100.0,0.0,0.0,0.0,28.22787
633,100.0,0.0,0.0,0.0,27.330807
634,100.0,0.0,0.0,0.0,30.716825
635,100.0,0.0,0.0,0.0,30.249947
636,100.0,0.0,0.0,0.0,34.738167
637,100.0,0.0,0.0,0.0,27.176628
638,100.0,0.0,0.0,0.0,30.047773
639,100.0,0.0,0.0,0.0,28.155725
640,100.0,0.0,0.0,0.0,38.17748
641,100.0,0.0,0.0,0.0,44.499767
642,100.0,0.0,0.0,0.0,23.356478
643,100.0,0.0,0.0,0.0,29.7492
644,100.0,0.0,0.0,0.0,26.415594
645,100.0,0.0,0.0,0.0,21.907845
646,100.0,0.0,0.0,0.0,19.925419
647,100.0,0.0,0.0,0.0,34.0124
648,100.0,0.0,0.0,0.0,29.135778
649,100.0,0.0,0.0,0.0,34.154545
650,100.0,0.0,0.0,0.0,26.879366
651,100.0,0.0,0.0,0.0,28.297894
652,100.0,0.0,0.0,0.0,27.57321
653,100.0,0.0,0.0,0.0,27.966782
654,100.0,0.0,0.0,0.0,26.186827
655,100.0,0.0,0.0,0.0,22.857346
656,100.0,0.0,0.0,0.0,31.713423
657,100.0,0.0,0.0,0.0,22.387829
658,100.0,0.0,0.0,0.0,32.88812
659,100.0,0.0,0.0,0.0,27.603937
660,100.0,0.0,0.0,0.0,27.224676
661,100.0,0.0,0.0,0.0,30.51528
662,100.0,0.0,0.0,0.0,36.042377
663,100.0,0.0,0.0,0.0,33.632748
664,100.0,0.0,0.0,0.0,26.810581
665,100.0,0.0,0.0,0.0,31.955456
666,100.0,0.0,0.0,0.0,23.78534
667,100.0,0.0,0.0,0.0,31.579424
668,100.0,0.0,0.0,0.0,34.409786
669,100.0,0.0,0.0,0.0,28.414076
670,100.0,0.0,0.0,0.0,36.706615
671,100.0,0.0,0.0,0.0,26.616985
672,100.0,0.0,0.0,0.0,34.13972
673,100.0,0.0,0.0,0.0,22.517147
674,100.0,0.0,0.0,0.0,25.19321
675,100.0,0.0,0.0,0.0,29.752356
676,100.0,0.0,0.0,0.0,30.871407
677,100.0,0.0,0.0,0.0,25.300533
678,100.0,0.0,0.0,0.0,35.144993
679,100.0,0.0,0.0,0.0,30.67729
680,100.0,0.0,0.0,0.0,27.8199
681,100.0,0.0,0.0,0.0,30.217499
682,100.0,0.0,0.0,0.0,36.61997
683,100.0,0.0,0.0,0.0,29.823093
684,100.0,0.0,0.0,0.0,34.592125
685,100.0,0.0,0.0,0.0,31.03187
686,100.0,0.0,0.0,0.0,29.398863
687,100.0,0.0,0.0,0.0,29.371113
688,100.0,0.0,0.0,0.0,20.422289
689,100.0,0.0,0.0,0.0,22.732391
690,100.0,0.0,0.0,0.0,16.262903
691,100.0,0.0,0.0,0.0,22.683353
692,100.0,0.0,0.0,0.0,20.808893
693,100.0,0.0,0.0,0.0,20.355703
694,100.0,0.0,0.0,0.0,19.579016
695,100.0,0.0,0.0,0.0,17.459724
696,100.0,0.0,0.0,0.0,19.428593
697,100.0,0.0,0.0,0.0,17.285362
698,100.0,0.0,0.0,0.0,18.860586
699,100.0,0.0,0.0,0.0,20.400475
700,100.0,0.0,0.0,0.0,18.16918
701,100.0,0.0,0.0,0.0,17.786621
702,100.0,0.0,0.0,0.0,18.622301
703,100.0,0.0,0.0,0.0,17.245827
704,100.0,0.0,0.0,0.0,18.579937
705,100.0,0.0,0.0,0.0,18.629345
706,100.0,0.0,0.0,0.0,18.534885
707,100.0,0.0,0.0,0.0,20.76562
708,100.0,0.0,0.0,0.0,19.89789
709,100.0,0.0,0.0,0.0,23.771505
710,100.0,0.0,0.0,0.0,18.17238
711,100.0,0.0,0.0,0.0,15.555512
712,100.0,0.0,0.0,0.0,20.158514
713,100.0,0.0,0.0,0.0,20.760803
714,100.0,0.0,0.0,0.0,21.919815
715,100.0,0.0,0.0,0.0,20.98296
716,100.0,0.0,0.0,0.0,16.521029
717,100.0,0.0,0.0,0.0,21.229418
718,100.0,0.0,0.0,0.0,22.290674
719,100.0,0.0,0.0,0.0,21.130693
720,100.0,0.0,0.0,0.0,19.989426
721,100.0,0.0,0.0,0.0,20.655802
722,100.0,0.0,0.0,0.0,20.213581
723,100.0,0.0,0.0,0.0,17.785643
724,100.0,0.0,0.0,0.0,15.830255
725,100.0,0.0,0.0,0.0,22.990582
726,100.0,0.0,0.0,0.0,18.193003
727,100.0,0.0,0.0,0.0,37.553722
728,100.0,0.0,0.0,0.0,28.560728
729,100.0,0.0,0.0,0.0,32.138767
730,100.0,0.0,0.0,0.0,30.1485
731,100.0,0.0,0.0,0.0,28.715183
732,100.0,0.0,0.0,0.0,26.597383
733,100.0,0.0,0.0,0.0,34.94262
734,100.0,0.0,0.0,0.0,28.155718
735,100.0,0.0,0.0,0.0,32.99731
736,100.0,0.0,0.0,0.0,24.200083
737,100.0,0.0,0.0,0.0,37.534317
738,100.0,0.0,0.0,0.0,28.259981
739,100.0,0.0,0.0,0.0,31.536594
740,100.0,0.0,0.0,0.0,33.885704
741,100.0,0.0,0.0,0.0,19.002329
742,100.0,0.0,0.0,0.0,34.407307
743,100.0,0.0,0.0,0.0,32.129364
744,100.0,0.0,0.0,0.0,34.036488
745,100.0,0.0,0.0,0.0,35.511246
746,100.0,0.0,0.0,0.0,29.47851
747,100.0,0.0,0.0,0.0,31.55118
748,100.0,0.0,0.0,0.0,27.277489
749,100.0,0.0,0.0,0.0,29.357262
750,100.0,0.0,0.0,0.0,33.671787
751,100.0,0.0,0.0,0.0,20.895124
752,100.0,0.0,0.0,0.0,28.567019
753,100.0,0.0,0.0,0.0,32.532005
754,100.0,0.0,0.0,0.0,32.87746
755,100.0,0.0,0.0,0.0,25.065357
756,100.0,0.0,0.0,0.0,35.644463
757,100.0,0.0,0.0,0.0,20.722912
758,100.0,0.0,0.0,0.0,24.92163
759,100.0,0.0,0.0,0.0,34.77417
760,100.0,0.0,0.0,0.0,27.515978
761,100.0,0.0,0.0,0.0,31.245165
762,100.0,0.0,0.0,0.0,27.407219
763,100.0,0.0,0.0,0.0,35.792088
764,100.0,0.0,0.0,0.0,33.943966
765,100.0,0.0,0.0,0.0,31.95439
766,100.0,0.0,0.0,0.0,33.408634
767,100.0,0.0,0.0,0.0,22.282675
768,100.0,0.0,0.0,0.0,21.913986
769,100.0,0.0,0.0,0.0,28.970615
770,100.0,0.0,0.0,0.0,32.338966
771,100.0,0.0,0.0,0.0,38.409214
772,100.0,0.0,0.0,0.0,22.040867
773,100.0,0.0,0.0,0.0,27.39596
774,100.0,0.0,0.0,0.0,31.683313
775,100.0,0.0,0.0,0.0,32.29031
776,100.0,0.0,0.0,0.0,26.062471
777,100.0,0.0,0.0,0.0,33.24027
778,100.0,0.0,0.0,0.0,30.611717
779,100.0,0.0,0.0,0.0,41.286385
780,100.0,0.0,0.0,0.0,20.662573
781,100.0,0.0,0.0,0.0,34.93836
782,100.0,0.0,0.0,0.0,26.661446
783,100.0,0.0,0.0,0.0,29.695576
784,100.0,0.0,0.0,0.0,36.01425
785,100.0,0.0,0.0,0.0,34.966614
786,100.0,0.0,0.0,0.0,29.455042
787,100.0,0.0,0.0,0.0,35.34644
788,100.0,0.0,0.0,0.0,28.076168
789,100.0,0.0,0.0,0.0,19.33993
790,100.0,0.0,0.0,0.0,25.973194
791,100.0,0.0,0.0,0.0,34.00924
792,100.0,0.0,0.0,0.0,30.167149
793,100.0,0.0,0.0,0.0,24.11275
794,100.0,0.0,0.0,0.0,30.717443
795,100.0,0.0,0.0,0.0,27.605656
796,100.0,0.0,0.0,0.0,23.845526
797,100.0,0.0,0.0,0.0,31.526768
798,100.0,0.0,0.0,0.0,26.43309
799,100.0,0.0,0.0,0.0,20.158548
800,100.0,0.0,0.0,0.0,29.79814
801,100.0,0.0,0.0,0.0,26.244007
802,100.0,0.0,0.0,0.0,26.896416
803,100.0,0.0,0.0,0.0,27.061928
804,100.0,0.0,0.0,0.0,22.938534
805,100.0,0.0,0.0,0.0,31.50056
806,100.0,0.0,0.0,0.0,32.72671
807,100.0,0.0,0.0,0.0,17.100155
808,100.0,0.0,0.0,0.0,20.585283
809,100.0,0.0,0.0,0.0,22.364096
810,100.0,0.0,0.0,0.0,18.613037
811,100.0,0.0,0.0,0.0,23.057465
812,100.0,0.0,0.0,0.0,20.617039
813,100.0,0.0,0.0,0.0,16.95476
814,100.0,0.0,0.0,0.0,15.175502
815,100.0,0.0,0.0,0.0,23.055902
816,100.0,0.0,0.0,0.0,20.34403
817,100.0,0.0,0.0,0.0,18.10901
818,100.0,0.0,0.0,0.0,21.9968
819,100.0,0.0,0.0,0.0,18.81094
820,100.0,0.0,0.0,0.0,17.159885
821,100.0,0.0,0.0,0.0,17.25278
822,100.0,0.0,0.0,0.0,19.015417
823,100.0,0.0,0.0,0.0,21.01803
824,100.0,0.0,0.0,0.0,20.650917
825,100.0,0.0,0.0,0.0,21.335611
826,100.0,0.0,0.0,0.0,20.238382
827,100.0,0.0,0.0,0.0,23.029776
828,100.0,0.0,0.0,0.0,23.350315
829,100.0,0.0,0.0,0.0,21.05925
830,100.0,0.0,0.0,0.0,15.417612
831,100.0,0.0,0.0,0.0,21.95029
832,100.0,0.0,0.0,0.0,23.469065
833,100.0,0.0,0.0,0.0,14.832679
834,100.0,0.0,0.0,0.0,20.958216
835,100.0,0.0,0.0,0.0,20.7281
836,100.0,0.0,0.0,0.0,25.695583
837,100.0,0.0,0.0,0.0,18.429102
838,100.0,0.0,0.0,0.0,24.283169
839,100.0,0.0,0.0,0.0,21.443909
840,100.0,0.0,0.0,0.0,16.385933
841,100.0,0.0,0.0,0.0,24.960487
842,100.0,0.0,0.0,0.0,20.31262
843,100.0,0.0,0.0,0.0,12.442457
844,100.0,0.0,0.0,0.0,19.471607
845,100.0,0.0,0.0,0.0,19.363058
846,100.0,0.0,0.0,0.0,16.718765
847,100.0,0.0,0.0,0.0,27.7402
848,100.0,0.0,0.0,0.0,29.376625
849,100.0,0.0,0.0,0.0,25.743706
850,100.0,0.0,0.0,0.0,32.562298
851,100.0,0.0,0.0,0.0,28.145397
852,100.0,0.0,0.0,0.0,28.159044
853,100.0,0.0,0.0,0.0,26.172678
854,100.0,0.0,0.0,0.0,40.0094
855,100.0,0.0,0.0,0.0,25.859566
856,100.0,0.0,0.0,0.0,17.903202
857,100.0,0.0,0.0,0.0,25.222525
858,100.0,0.0,0.0,0.0,21.684834
859,100.0,0.0,0.0,0.0,29.498266
860,100.0,0.0,0.0,0.0,23.563608
861,100.0,0.0,0.0,0.0,23.819246
862,100.0,0.0,0.0,0.0,27.545395
863,100.0,0.0,0.0,0.0,33.27979
864,100.0,0.0,0.0,0.0,29.0754
865,100.0,0.0,0.0,0.0,27.103699
866,100.0,0.0,0.0,0.0,26.170584
867,100.0,0.0,0.0,0.0,26.634811
868,100.0,0.0,0.0,0.0,27.447985
869,100.0,0.0,0.0,0.0,29.41826
870,100.0,0.0,0.0,0.0,28.622097
871,100.0,0.0,0.0,0.0,30.580046
872,100.0,0.0,0.0,0.0,29.66639
873,100.0,0.0,0.0,0.0,34.958973
874,100.0,0.0,0.0,0.0,31.219639
875,100.0,0.0,0.0,0.0,28.641485
876,100.0,0.0,0.0,0.0,23.795845
877,100.0,0.0,0.0,0.0,29.845451
878,100.0,0.0,0.0,0.0,36.82252
879,100.0,0.0,0.0,0.0,28.015646
880,100.0,0.0,0.0,0.0,23.228607
881,100.0,0.0,0.0,0.0,37.44671
882,100.0,0.0,0.0,0.0,30.303005
883,100.0,0.0,0.0,0.0,19.84923
884,100.0,0.0,0.0,0.0,37.923714
885,100.0,0.0,0.0,0.0,26.492466
886,100.0,0.0,0.0,0.0,41.591618
887,100.0,0.0,0.0,0.0,29.880928
888,100.0,0.0,0.0,0.0,24.13412
889,100.0,0.0,0.0,0.0,31.332815
890,100.0,0.0,0.0,0.0,40.911148
891,100.0,0.0,0.0,0.0,25.059301
892,100.0,0.0,0.0,0.0,34.101673
893,100.0,0.0,0.0,0.0,31.922886
894,100.0,0.0,0.0,0.0,29.746336
895,100.0,0.0,0.0,0.0,26.377851
896,100.0,0.0,0.0,0.0,25.191975
897,100.0,0.0,0.0,0.0,36.804543
898,100.0,0.0,0.0,0.0,33.912865
899,100.0,0.0,0.0,0.0,33.35817
900,100.0,0.0,0.0,0.0,32.42098
901,100.0,0.0,0.0,0.0,31.990366
902,100.0,0.0,0.0,0.0,33.480404
903,100.0,0.0,0.0,0.0,29.68646
904,100.0,0.0,0.0,0.0,29.889656
905,100.0,0.0,0.0,0.0,25.119123
906,100.0,0.0,0.0,0.0,31.583376
907,100.0,0.0,0.0,0.0,41.971737
908,100.0,0.0,0.0,0.0,25.002937
909,100.0,0.0,0.0,0.0,30.170956
910,100.0,0.0,0.0,0.0,27.49866
911,100.0,0.0,0.0,0.0,24.770264
912,100.0,0.0,0.0,0.0,24.365438
913,100.0,0.0,0.0,0.0,30.082256
914,100.0,0.0,0.0,0.0,28.717909
915,100.0,0.0,0.0,0.0,30.101439
916,100.0,0.0,0.0,0.0,32.334606
917,100.0,0.0,0.0,0.0,31.873
918,100.0,0.0,0.0,0.0,20.186417
919,100.0,0.0,0.0,0.0,27.494564
920,100.0,0.0,0.0,0.0,31.03636
921,100.0,0.0,0.0,0.0,33.938087
922,100.0,0.0,0.0,0.0,35.257015
923,100.0,0.0,0.0,0.0,18.502234
924,100.0,0.0,0.0,0.0,35.928802
925,100.0,0.0,0.0,0.0,37.91029
926,100.0,0.0,0.0,0.0,31.440022
927,100.0,0.0,0.0,0.0,22.150724
928,100.0,0.0,0.0,0.0,14.013895
929,100.0,0.0,0.0,0.0,14.570039
930,100.0,0.0,0.0,0.0,14.424811
931,100.0,0.0,0.0,0.0,23.323439
932,100.0,0.0,0.0,0.0,22.570087
933,100.0,0.0,0.0,0.0,23.917143
934,100.0,0.0,0.0,0.0,17.910334
935,100.0,0.0,0.0,0.0,19.825861
936,100.0,0.0,0.0,0.0,20.119526
937,100.0,0.0,0.0,0.0,21.004639
938,100.0,0.0,0.0,0.0,17.8197
939,100.0,0.0,0.0,0.0,20.045216
940,100.0,0.0,0.0,0.0,21.78532
941,100.0,0.0,0.0,0.0,23.755093
942,100.0,0.0,0.0,0.0,18.08161
943,100.0,0.0,0.0,0.0,14.757859
944,100.0,0.0,0.0,0.0,15.109601
945,100.0,0.0,0.0,0.0,24.222542
946,100.0,0.0,0.0,0.0,20.439219
947,100.0,0.0,0.0,0.0,20.788094
948,100.0,0.0,0.0,0.0,17.74699
949,100.0,0.0,0.0,0.0,21.690786
950,100.0,0.0,0.0,0.0,21.068783
951,100.0,0.0,0.0,0.0,24.184921
952,100.0,0.0,0.0,0.0,13.397949
953,100.0,0.0,0.0,0.0,16.910131
954,100.0,0.0,0.0,0.0,16.058205
955,100.0,0.0,0.0,0.0,22.130314
956,100.0,0.0,0.0,0.0,17.791763
957,100.0,0.0,0.0,0.0,15.83695
958,100.0,0.0,0.0,0.0,21.431326
959,100.0,0.0,0.0,0.0,24.56499
960,100.0,0.0,0.0,0.0,20.939796
961,100.0,0.0,0.0,0.0,22.800262
962,100.0,0.0,0.0,0.0,18.469612
963,100.0,0.0,0.0,0.0,17.629398
964,100.0,0.0,0.0,0.0,20.30218
965,100.0,0.0,0.0,0.0,14.9613085
966,100.0,0.0,0.0,0.0,16.969894
967,100.0,0.0,0.0,0.0,44.583603
968,100.0,0.0,0.0,0.0,23.860153
969,100.0,0.0,0.0,0.0,26.43408
970,100.0,0.0,0.0,0.0,25.670841
971,100.0,0.0,0.0,0.0,24.82865
972,100.0,0.0,0.0,0.0,26.891977
973,100.0,0.0,0.0,0.0,34.659653
974,100.0,0.0,0.0,0.0,40.126503
975,100.0,0.0,0.0,0.0,29.189404
976,100.0,0.0,0.0,0.0,32.951763
977,100.0,0.0,0.0,0.0,28.536726
978,100.0,0.0,0.0,0.0,29.036173
979,100.0,0.0,0.0,0.0,28.584558
980,100.0,0.0,0.0,0.0,26.526846
981,100.0,0.0,0.0,0.0,20.30155
982,100.0,0.0,0.0,0.0,31.001354
983,100.0,0.0,0.0,0.0,31.725384
984,100.0,0.0,0.0,0.0,26.394533
985,100.0,0.0,0.0,0.0,29.69787
986,100.0,0.0,0.0,0.0,28.793863
987,100.0,0.0,0.0,0.0,31.347433
988,100.0,0.0,0.0,0.0,31.753073
989,100.0,0.0,0.0,0.0,37.352898
990,100.0,0.0,0.0,0.0,32.627792
991,100.0,0.0,0.0,0.0,32.298725
992,100.0,0.0,0.0,0.0,25.022726
993,100.0,0.0,0.0,0.0,40.203846
994,100.0,0.0,0.0,0.0,28.64539
995,100.0,0.0,0.0,0.0,39.32289
996,100.0,0.0,0.0,0.0,27.187485
997,100.0,0.0,0.0,0.0,26.47287
998,100.0,0.0,0.0,0.0,27.822973
999,100.0,0.0,0.0,0.0,13.577439
1000,100.0,0.0,0.0,0.0,29.73005
1001,100.0,0.0,0.0,0.0,30.863115
1002,100.0,0.0,0.0,0.0,29.809103
1003,100.0,0.0,0.0,0.0,27.872805
1004,100.0,0.0,0.0,0.0,29.901842
1005,100.0,0.0,0.0,0.0,39.937546
1006,100.0,0.0,0.0,0.0,22.748714
1007,100.0,0.0,0.0,0.0,42.976177
1008,100.0,0.0,0.0,0.0,32.18312
1009,100.0,0.0,0.0,0.0,28.27171
1010,100.0,0.0,0.0,0.0,25.05815
1011,100.0,0.0,0.0,0.0,38.4352
1012,100.0,0.0,0.0,0.0,20.781666
1013,100.0,0.0,0.0,0.0,32.202087
1014,100.0,0.0,0.0,0.0,30.576221
1015,100.0,0.0,0.0,0.0,28.48654
1016,100.0,0.0,0.0,0.0,29.725502
1017,100.0,0.0,0.0,0.0,29.427614
1018,100.0,0.0,0.0,0.0,30.194181
1019,100.0,0.0,0.0,0.0,44.552563
1020,100.0,0.0,0.0,0.0,37.07553
1021,100.0,0.0,0.0,0.0,35.653835
1022,100.0,0.0,0.0,0.0,29.915583
1023,100.0,0.0,0.0,0.0,29.812668
1024,100.0,0.0,0.0,0.0,34.2329
1025,100.0,0.0,0.0,0.0,25.892761
1026,100.0,0.0,0.0,0.0,28.871378
1027,100.0,0.0,0.0,0.0,26.044806
1028,100.0,0.0,0.0,0.0,33.103592
1029,100.0,0.0,0.0,0.0,26.858057
1030,100.0,0.0,0.0,0.0,24.057379
1031,100.0,0.0,0.0,0.0,42.732986
1032,100.0,0.0,0.0,0.0,29.812975
1033,100.0,0.0,0.0,0.0,36.360184
1034,100.0,0.0,0.0,0.0,30.840315
1035,100.0,0.0,0.0,0.0,33.090485
1036,100.0,0.0,0.0,0.0,30.18785
1037,100.0,0.0,0.0,0.0,32.348957
1038,100.0,0.0,0.0,0.0,36.766914
1039,100.0,0.0,0.0,0.0,40.86673
1040,100.0,0.0,0.0,0.0,24.151728
1041,100.0,0.0,0.0,0.0,27.752666
1042,100.0,0.0,0.0,0.0,35.73242
1043,100.0,0.0,0.0,0.0,26.546322
1044,100.0,0.0,0.0,0.0,30.90148
1045,100.0,0.0,0.0,0.0,29.516443
1046,100.0,0.0,0.0,0.0,31.11801
1047,100.0,0.0,0.0,0.0,22.089771
1048,100.0,0.0,0.0,0.0,19.71879
1049,100.0,0.0,0.0,0.0,15.480596
1050,100.0,0.0,0.0,0.0,18.92031
1051,100.0,0.0,0.0,0.0,18.69012
1052,100.0,0.0,0.0,0.0,18.903656
1053,100.0,0.0,0.0,0.0,18.312286
1054,100.0,0.0,0.0,0.0,20.929972
1055,100.0,0.0,0.0,0.0,20.999897
1056,100.0,0.0,0.0,0.0,15.033992
1057,100.0,0.0,0.0,0.0,18.782763
1058,100.0,0.0,0.0,0.0,18.905012
1059,100.0,0.0,0.0,0.0,17.29484
1060,100.0,0.0,0.0,0.0,16.366158
1061,100.0,0.0,0.0,0.0,15.306514
1062,100.0,0.0,0.0,0.0,19.91773
1063,100.0,0.0,0.0,0.0,16.465305
1064,100.0,0.0,0.0,0.0,23.440813
1065,100.0,0.0,0.0,0.0,19.826544
1066,100.0,0.0,0.0,0.0,22.243052
1067,100.0,0.0,0.0,0.0,21.15493
1068,100.0,0.0,0.0,0.0,18.215628
1069,100.0,0.0,0.0,0.0,22.291855
1070,100.0,0.0,0.0,0.0,16.186712
1071,100.0,0.0,0.0,0.0,26.244808
1072,100.0,0.0,0.0,0.0,18.292952
1073,100.0,0.0,0.0,0.0,21.855602
1074,100.0,0.0,0.0,0.0,19.808796
1075,100.0,0.0,0.0,0.0,21.603067
1076,100.0,0.0,0.0,0.0,17.094076
1077,100.0,0.0,0.0,0.0,20.704105
1078,100.0,0.0,0.0,0.0,21.760733
1079,100.0,0.0,0.0,0.0,19.386723
1080,100.0,0.0,0.0,0.0,20.905792
1081,100.0,0.0,0.0,0.0,22.40226
1082,100.0,0.0,0.0,0.0,15.02498
1083,100.0,0.0,0.0,0.0,21.192009
1084,100.0,0.0,0.0,0.0,17.018791
1085,100.0,0.0,0.0,0.0,22.268816
1086,100.0,0.0,0.0,0.0,21.11757
1087,100.0,0.0,0.0,0.0,23.48958
1088,100.0,0.0,0.0,0.0,34.2032
1089,100.0,0.0,0.0,0.0,28.42443
1090,100.0,0.0,0.0,0.0,29.765884
1091,100.0,0.0,0.0,0.0,21.936563
1092,100.0,0.0,0.0,0.0,30.475395
1093,100.0,0.0,0.0,0.0,31.015154
1094,100.0,0.0,0.0,0.0,22.80078
1095,100.0,0.0,0.0,0.0,31.758295
1096,100.0,0.0,0.0,0.0,28.43483
1097,100.0,0.0,0.0,0.0,35.55233
1098,100.0,0.0,0.0,0.0,35.38039
1099,100.0,0.0,0.0,0.0,24.613909
1100,100.0,0.0,0.0,0.0,29.703852
1101,100.0,0.0,0.0,0.0,32.13199
1102,100.0,0.0,0.0,0.0,30.109377
1103,100.0,0.0,0.0,0.0,26.04536
1104,100.0,0.0,0.0,0.0,35.109215
1105,100.0,0.0,0.0,0.0,27.28745
1106,100.0,0.0,0.0,0.0,20.694035
1107,100.0,0.0,0.0,0.0,31.379396
1108,100.0,0.0,0.0,0.0,29.699928
1109,100.0,0.0,0.0,0.0,26.002262
1110,100.0,0.0,0.0,0.0,36.31188
1111,100.0,0.0,0.0,0.0,29.536589
1112,100.0,0.0,0.0,0.0,26.944242
1113,100.0,0.0,0.0,0.0,28.629763
1114,100.0,0.0,0.0,0.0,24.231737
1115,100.0,0.0,0.0,0.0,36.25169
1116,100.0,0.0,0.0,0.0,20.208466
1117,100.0,0.0,0.0,0.0,30.049088
1118,100.0,0.0,0.0,0.0,26.311964
1119,100.0,0.0,0.0,0.0,23.868563
1120,100.0,0.0,0.0,0.0,28.671976
1121,100.0,0.0,0.0,0.0,32.029236
1122,100.0,0.0,0.0,0.0,22.974895
1123,100.0,0.0,0.0,0.0,36.943344
1124,100.0,0.0,0.0,0.0,27.10926
1125,100.0,0.0,0.0,0.0,32.610573
1126,100.0,0.0,0.0,0.0,28.80259
1127,100.0,0.0,0.0,0.0,28.77233
1128,100.0,0.0,0.0,0.0,29.888367
1129,100.0,0.0,0.0,0.0,30.232107
1130,100.0,0.0,0.0,0.0,32.292526
1131,100.0,0.0,0.0,0.0,41.941128
1132,100.0,0.0,0.0,0.0,27.262234
1133,100.0,0.0,0.0,0.0,34.172993
1134,100.0,0.0,0.0,0.0,43.573418
1135,100.0,0.0,0.0,0.0,29.2671
1136,100.0,0.0,0.0,0.0,37.28489
1137,100.0,0.0,0.0,0.0,23.726007
1138,100.0,0.0,0.0,0.0,26.380888
1139,100.0,0.0,0.0,0.0,28.687544
1140,100.0,0.0,0.0,0.0,36.62304
1141,100.0,0.0,0.0,0.0,31.686815
1142,100.0,0.0,0.0,0.0,35.745457
1143,100.0,0.0,0.0,0.0,30.24414
1144,100.0,0.0,0.0,0.0,29.854624
1145,100.0,0.0,0.0,0.0,30.7058
1146,100.0,0.0,0.0,0.0,28.447025
1147,100.0,0.0,0.0,0.0,31.788746
1148,100.0,0.0,0.0,0.0,23.08223
1149,100.0,0.0,0.0,0.0,36.791355
1150,100.0,0.0,0.0,0.0,40.720863
1151,100.0,0.0,0.0,0.0,25.582077
1152,100.0,0.0,0.0,0.0,26.917936
1153,100.0,0.0,0.0,0.0,31.489864
1154,100.0,0.0,0.0,0.0,37.716293
1155,100.0,0.0,0.0,0.0,24.09072
1156,100.0,0.0,0.0,0.0,30.586273
1157,100.0,0.0,0.0,0.0,29.93683
1158,100.0,0.0,0.0,0.0,25.029728
1159,100.0,0.0,0.0,0.0,29.608091
1160,100.0,0.0,0.0,0.0,33.231163
1161,100.0,0.0,0.0,0.0,29.0533
1162,100.0,0.0,0.0,0.0,31.025038
1163,100.0,0.0,0.0,0.0,32.06579
1164,100.0,0.0,0.0,0.0,33.677837
1165,100.0,0.0,0.0,0.0,33.680984
1166,100.0,0.0,0.0,0.0,36.294155
1167,100.0,0.0,0.0,0.0,16.951574
1168,100.0,0.0,0.0,0.0,19.920551
1169,100.0,0.0,0.0,0.0,18.394274
1170,100.0,0.0,0.0,0.0,18.36281
1171,100.0,0.0,0.0,0.0,21.422663
1172,100.0,0.0,0.0,0.0,19.176264
1173,100.0,0.0,0.0,0.0,17.255642
1174,100.0,0.0,0.0,0.0,19.650412
1175,100.0,0.0,0.0,0.0,20.367271
1176,100.0,0.0,0.0,0.0,22.073053
1177,100.0,0.0,0.0,0.0,19.45992
1178,100.0,0.0,0.0,0.0,18.320208
1179,100.0,0.0,0.0,0.0,19.328272
1180,100.0,0.0,0.0,0.0,20.55704
1181,100.0,0.0,0.0,0.0,20.909184
1182,100.0,0.0,0.0,0.0,17.990599
1183,100.0,0.0,0.0,0.0,21.39177
1184,100.0,0.0,0.0,0.0,20.793596
1185,100.0,0.0,0.0,0.0,27.39589
1186,100.0,0.0,0.0,0.0,18.712934
1187,100.0,0.0,0.0,0.0,16.69219
1188,100.0,0.0,0.0,0.0,22.553085
1189,100.0,0.0,0.0,0.0,17.599998
1190,100.0,0.0,0.0,0.0,20.36152
1191,100.0,0.0,0.0,0.0,22.00678
1192,100.0,0.0,0.0,0.0,16.702242
1193,100.0,0.0,0.0,0.0,25.429071
1194,100.0,0.0,0.0,0.0,17.291605
1195,100.0,0.0,0.0,0.0,12.836776
1196,100.0,0.0,0.0,0.0,17.873873
1197,100.0,0.0,0.0,0.0,21.71291
1198,100.0,0.0,0.0,0.0,20.007887
1199,100.0,0.0,0.0,0.0,17.005402
1200,100.0,0.0,0.0,0.0,19.79672
1201,100.0,0.0,0.0,0.0,18.48182
1202,100.0,0.0,0.0,0.0,18.267494
1203,100.0,0.0,0.0,0.0,18.517662
1204,100.0,0.0,0.0,0.0,23.416927
1205,100.0,0.0,0.0,0.0,18.416582
1206,100.0,0.0,0.0,0.0,19.376072
1207,100.0,0.0,0.0,0.0,36.147217
1208,100.0,0.0,0.0,0.0,24.170557
1209,100.0,0.0,0.0,0.0,34.821724
1210,100.0,0.0,0.0,0.0,29.721905
1211,100.0,0.0,0.0,0.0,31.56422
1212,100.0,0.0,0.0,0.0,22.835587
1213,100.0,0.0,0.0,0.0,30.68042
1214,100.0,0.0,0.0,0.0,30.95309
1215,100.0,0.0,0.0,0.0,23.047823
1216,100.0,0.0,0.0,0.0,23.315714
1217,100.0,0.0,0.0,0.0,38.55897
1218,100.0,0.0,0.0,0.0,28.396723
1219,100.0,0.0,0.0,0.0,36.08939
1220,100.0,0.0,0.0,0.0,27.76722
1221,100.0,0.0,0.0,0.0,32.607998
1222,100.0,0.0,0.0,0.0,38.396595
1223,100.0,0.0,0.0,0.0,30.719196
1224,100.0,0.0,0.0,0.0,30.845255
1225,100.0,0.0,0.0,0.0,24.457905
1226,100.0,0.0,0.0,0.0,24.197987
1227,100.0,0.0,0.0,0.0,21.806215
1228,100.0,0.0,0.0,0.0,30.228094
1229,100.0,0.0,0.0,0.0,23.450829
1230,100.0,0.0,0.0,0.0,24.521917
1231,100.0,0.0,0.0,0.0,33.230648
1232,100.0,0.0,0.0,0.0,37.799107
1233,100.0,0.0,0.0,0.0,31.250736
1234,100.0,0.0,0.0,0.0,30.241262
1235,100.0,0.0,0.0,0.0,30.249712
1236,100.0,0.0,0.0,0.0,31.743807
1237,100.0,0.0,0.0,0.0,37.8568
1238,100.0,0.0,0.0,0.0,30.718336
1239,100.0,0.0,0.0,0.0,32.160362
1240,100.0,0.0,0.0,0.0,20.791248
1241,100.0,0.0,0.0,0.0,37.20344
1242,100.0,0.0,0.0,0.0,28.795584
1243,100.0,0.0,0.0,0.0,27.808817
1244,100.0,0.0,0.0,0.0,36.24682
1245,100.0,0.0,0.0,0.0,26.959074
1246,100.0,0.0,0.0,0.0,23.809494
1247,100.0,0.0,0.0,0.0,30.9491
1248,100.0,0.0,0.0,0.0,33.624397
1249,100.0,0.0,0.0,0.0,27.363672
1250,100.0,0.0,0.0,0.0,28.804031
1251,100.0,0.0,0.0,0.0,30.945873
1252,100.0,0.0,0.0,0.0,28.888649
1253,100.0,0.0,0.0,0.0,34.545654
1254,100.0,0.0,0.0,0.0,25.928198
1255,100.0,0.0,0.0,0.0,22.325294
1256,100.0,0.0,0.0,0.0,31.664795
1257,100.0,0.0,0.0,0.0,42.164562
1258,100.0,0.0,0.0,0.0,24.809433
1259,100.0,0.0,0.0,0.0,36.51402
1260,100.0,0.0,0.0,0.0,29.435438
1261,100.0,0.0,0.0,0.0,39.968857
1262,100.0,0.0,0.0,0.0,25.26207
1263,100.0,0.0,0.0,0.0,23.740135
1264,100.0,0.0,0.0,0.0,40.31725
1265,100.0,0.0,0.0,0.0,34.623524
1266,100.0,0.0,0.0,0.0,33.578815
1267,100.0,0.0,0.0,0.0,37.16251
1268,100.0,0.0,0.0,0.0,20.411148
1269,100.0,0.0,0.0,0.0,27.576225
1270,100.0,0.0,0.0,0.0,20.831121
1271,100.0,0.0,0.0,0.0,34.28085
1272,100.0,0.0,0.0,0.0,31.928223
1273,100.0,0.0,0.0,0.0,38.95316
1274,100.0,0.0,0.0,0.0,31.01054
1275,100.0,0.0,0.0,0.0,26.724646
1276,100.0,0.0,0.0,0.0,25.594229
1277,100.0,0.0,0.0,0.0,22.120596
1278,100.0,0.0,0.0,0.0,26.884497
1279,100.0,0.0,0.0,0.0,30.939802
1280,100.0,0.0,0.0,0.0,30.590094
1281,100.0,0.0,0.0,0.0,38.34111
1282,100.0,0.0,0.0,0.0,31.079115
1283,100.0,0.0,0.0,0.0,30.54768
1284,100.0,0.0,0.0,0.0,29.700333
1285,100.0,0.0,0.0,0.0,29.163464
1286,100.0,0.0,0.0,0.0,27.574553
1287,100.0,0.0,0.0,0.0,17.969128
1288,100.0,0.0,0.0,0.0,22.59675
1289,100.0,0.0,0.0,0.0,16.981798
1290,100.0,0.0,0.0,0.0,19.805012
1291,100.0,0.0,0.0,0.0,15.413957
1292,100.0,0.0,0.0,0.0,19.866331
1293,100.0,0.0,0.0,0.0,18.251066
1294,100.0,0.0,0.0,0.0,16.40524
1295,100.0,0.0,0.0,0.0,21.817667
1296,100.0,0.0,0.0,0.0,19.822762
1297,100.0,0.0,0.0,0.0,16.56664
1298,100.0,0.0,0.0,0.0,25.147131
1299,100.0,0.0,0.0,0.0,16.93996
1300,100.0,0.0,0.0,0.0,18.98497
1301,100.0,0.0,0.0,0.0,17.416126
1302,100.0,0.0,0.0,0.0,16.634047
1303,100.0,0.0,0.0,0.0,23.126232
1304,100.0,0.0,0.0,0.0,15.894813
1305,100.0,0.0,0.0,0.0,20.628433
1306,100.0,0.0,0.0,0.0,20.853909
1307,100.0,0.0,0.0,0.0,19.13948
1308,100.0,0.0,0.0,0.0,20.067894
1309,100.0,0.0,0.0,0.0,17.756645
1310,100.0,0.0,0.0,0.0,20.561401
1311,100.0,0.0,0.0,0.0,19.611025
1312,100.0,0.0,0.0,0.0,17.107105
1313,100.0,0.0,0.0,0.0,16.995768
1314,100.0,0.0,0.0,0.0,24.569143
1315,100.0,0.0,0.0,0.0,20.604778
1316,100.0,0.0,0.0,0.0,20.323164
1317,100.0,0.0,0.0,0.0,12.744744
1318,100.0,0.0,0.0,0.0,20.800442
1319,100.0,0.0,0.0,0.0,19.691181
1320,100.0,0.0,0.0,0.0,15.0280285
1321,100.0,0.0,0.0,0.0,16.610512
1322,100.0,0.0,0.0,0.0,23.823164
1323,100.0,0.0,0.0,0.0,23.951618
1324,100.0,0.0,0.0,0.0,22.354465
1325,100.0,0.0,0.0,0.0,22.415516
1326,100.0,0.0,0.0,0.0,19.2853
1327,100.0,0.0,0.0,0.0,28.206188
1328,100.0,0.0,0.0,0.0,29.83847
1329,100.0,0.0,0.0,0.0,27.184101
1330,100.0,0.0,0.0,0.0,26.094467
1331,100.0,0.0,0.0,0.0,25.192839
1332,100.0,0.0,0.0,0.0,31.575193
1333,100.0,0.0,0.0,0.0,35.401493
1334,100.0,0.0,0.0,0.0,33.89601
1335,100.0,0.0,0.0,0.0,27.353886
1336,100.0,0.0,0.0,0.0,24.871403
1337,100.0,0.0,0.0,0.0,23.503557
1338,100.0,0.0,0.0,0.0,38.09678
1339,100.0,0.0,0.0,0.0,26.676432
1340,100.0,0.0,0.0,0.0,32.428005
1341,100.0,0.0,0.0,0.0,29.876266
1342,100.0,0.0,0.0,0.0,31.109943
1343,100.0,0.0,0.0,0.0,38.81154
1344,100.0,0.0,0.0,0.0,35.429714
1345,100.0,0.0,0.0,0.0,32.27024
1346,100.0,0.0,0.0,0.0,38.25609
1347,100.0,0.0,0.0,0.0,29.240839
1348,100.0,0.0,0.0,0.0,24.767767
1349,100.0,0.0,0.0,0.0,23.148905
1350,100.0,0.0,0.0,0.0,20.07011
1351,100.0,0.0,0.0,0.0,23.766008
1352,100.0,0.0,0.0,0.0,27.345858
1353,100.0,0.0,0.0,0.0,25.288525
1354,100.0,0.0,0.0,0.0,25.855614
1355,100.0,0.0,0.0,0.0,26.348082
1356,100.0,0.0,0.0,0.0,42.387516
1357,100.0,0.0,0.0,0.0,35.012077
1358,100.0,0.0,0.0,0.0,39.25917
1359,100.0,0.0,0.0,0.0,18.523186
1360,100.0,0.0,0.0,0.0,30.682228
1361,100.0,0.0,0.0,0.0,27.965132
1362,100.0,0.0,0.0,0.0,28.993397
1363,100.0,0.0,0.0,0.0,29.05506
1364,100.0,0.0,0.0,0.0,27.304989
1365,100.0,0.0,0.0,0.0,26.308432
1366,100.0,0.0,0.0,0.0,25.427183
1367,100.0,0.0,0.0,0.0,23.967434
1368,100.0,0.0,0.0,0.0,32.39456
1369,100.0,0.0,0.0,0.0,28.078007
1370,100.0,0.0,0.0,0.0,30.788448
1371,100.0,0.0,0.0,0.0,31.867403
1372,100.0,0.0,0.0,0.0,35.199184
1373,100.0,0.0,0.0,0.0,28.983057
1374,100.0,0.0,0.0,0.0,32.898193
1375,100.0,0.0,0.0,0.0,32.825584
1376,100.0,0.0,0.0,0.0,30.518667
1377,100.0,0.0,0.0,0.0,25.760857
1378,100.0,0.0,0.0,0.0,33.883976
1379,100.0,0.0,0.0,0.0,30.733732
1380,100.0,0.0,0.0,0.0,30.47137
1381,100.0,0.0,0.0,0.0,20.947887
1382,100.0,0.0,0.0,0.0,36.36461
1383,100.0,0.0,0.0,0.0,31.348204
1384,100.0,0.0,0.0,0.0,20.963509
1385,100.0,0.0,0.0,0.0,31.10651
1386,100.0,0.0,0.0,0.0,28.142254
1387,100.0,0.0,0.0,0.0,28.84282
1388,100.0,0.0,0.0,0.0,38.278725
1389,100.0,0.0,0.0,0.0,38.976944
1390,100.0,0.0,0.0,0.0,35.68257
1391,100.0,0.0,0.0,0.0,26.904734
1392,100.0,0.0,0.0,0.0,28.782803
1393,100.0,0.0,0.0,0.0,39.42731
1394,100.0,0.0,0.0,0.0,24.572723
1395,100.0,0.0,0.0,0.0,33.968708
1396,100.0,0.0,0.0,0.0,22.074743
1397,100.0,0.0,0.0,0.0,27.644955
1398,100.0,0.0,0.0,0.0,31.517536
1399,100.0,0.0,0.0,0.0,31.045938
1400,100.0,0.0,0.0,0.0,28.762894
1401,100.0,0.0,0.0,0.0,31.376339
1402,100.0,0.0,0.0,0.0,39.192722
1403,100.0,0.0,0.0,0.0,30.527185
1404,100.0,0.0,0.0,0.0,26.875761
1405,100.0,0.0,0.0,0.0,29.90456
1406,100.0,0.0,0.0,0.0,28.610704
1407,100.0,0.0,0.0,0.0,16.722738
1408,100.0,0.0,0.0,0.0,15.394715
1409,100.0,0.0,0.0,0.0,22.898085
1410,100.0,0.0,0.0,0.0,16.95411
1411,100.0,0.0,0.0,0.0,15.227862
1412,100.0,0.0,0.0,0.0,19.932972
1413,100.0,0.0,0.0,0.0,24.243086
1414,100.0,0.0,0.0,0.0,22.401134
1415,100.0,0.0,0.0,0.0,22.394564
1416,100.0,0.0,0.0,0.0,17.90942
1417,100.0,0.0,0.0,0.0,16.493818
1418,100.0,0.0,0.0,0.0,19.881367
1419,100.0,0.0,0.0,0.0,17.982033
1420,100.0,0.0,0.0,0.0,19.405384
1421,100.0,0.0,0.0,0.0,22.66612
1422,100.0,0.0,0.0,0.0,18.388477
1423,100.0,0.0,0.0,0.0,22.497894
1424,100.0,0.0,0.0,0.0,16.551092
1425,100.0,0.0,0.0,0.0,18.49094
1426,100.0,0.0,0.0,0.0,18.032278
1427,100.0,0.0,0.0,0.0,20.689692
1428,100.0,0.0,0.0,0.0,21.365644
1429,100.0,0.0,0.0,0.0,19.058594
1430,100.0,0.0,0.0,0.0,20.10495
1431,100.0,0.0,0.0,0.0,15.256666
1432,100.0,0.0,0.0,0.0,20.6885
1433,100.0,0.0,0.0,0.0,17.2291
1434,100.0,0.0,0.0,0.0,17.29152
1435,100.0,0.0,0.0,0.0,16.23831
1436,100.0,0.0,0.0,0.0,24.022537
1437,100.0,0.0,0.0,0.0,20.16624
1438,100.0,0.0,0.0,0.0,18.330942
1439,100.0,0.0,0.0,0.0,21.008032
1440,100.0,0.0,0.0,0.0,18.468857
1441,100.0,0.0,0.0,0.0,21.39835
1442,100.0,0.0,0.0,0.0,15.993823
1443,100.0,0.0,0.0,0.0,17.117373
1444,100.0,0.0,0.0,0.0,15.3084545
1445,100.0,0.0,0.0,0.0,24.813957
1446,100.0,0.0,0.0,0.0,14.219982
1447,100.0,0.0,0.0,0.0,29.756088
1448,100.0,0.0,0.0,0.0,25.586668
1449,100.0,0.0,0.0,0.0,33.003754
1450,100.0,0.0,0.0,0.0,23.716074
1451,100.0,0.0,0.0,0.0,36.174843
1452,100.0,0.0,0.0,0.0,35.65931
1453,100.0,0.0,0.0,0.0,31.201384
1454,100.0,0.0,0.0,0.0,26.508644
1455,100.0,0.0,0.0,0.0,31.539736
1456,100.0,0.0,0.0,0.0,31.380178
1457,100.0,0.0,0.0,0.0,22.86485
1458,100.0,0.0,0.0,0.0,26.760225
1459,100.0,0.0,0.0,0.0,34.60399
1460,100.0,0.0,0.0,0.0,27.657528
1461,100.0,0.0,0.0,0.0,18.345737
1462,100.0,0.0,0.0,0.0,32.422165
1463,100.0,0.0,0.0,0.0,36.22844
1464,100.0,0.0,0.0,0.0,26.498777
1465,100.0,0.0,0.0,0.0,45.24616
1466,100.0,0.0,0.0,0.0,32.020508
1467,100.0,0.0,0.0,0.0,25.239643
1468,100.0,0.0,0.0,0.0,24.304407
1469,100.0,0.0,0.0,0.0,20.171183
1470,100.0,0.0,0.0,0.0,32.892708
1471,100.0,0.0,0.0,0.0,22.664257
1472,100.0,0.0,0.0,0.0,29.0078
1473,100.0,0.0,0.0,0.0,35.046787
1474,100.0,0.0,0.0,0.0,31.32619
1475,100.0,0.0,0.0,0.0,28.808994
1476,100.0,0.0,0.0,0.0,39.02739
1477,100.0,0.0,0.0,0.0,31.080042
1478,100.0,0.0,0.0,0.0,42.43186
1479,100.0,0.0,0.0,0.0,31.72458
1480,100.0,0.0,0.0,0.0,27.888605
1481,100.0,0.0,0.0,0.0,28.33082
1482,100.0,0.0,0.0,0.0,36.785698
1483,100.0,0.0,0.0,0.0,35.16996
1484,100.0,0.0,0.0,0.0,24.133463
1485,100.0,0.0,0.0,0.0,26.29578
1486,100.0,0.0,0.0,0.0,36.24496
1487,100.0,0.0,0.0,0.0,34.796654
1488,100.0,0.0,0.0,0.0,30.528503
1489,100.0,0.0,0.0,0.0,35.53058
1490,100.0,0.0,0.0,0.0,32.26592
1491,100.0,0.0,0.0,0.0,39.468147
1492,100.0,0.0,0.0,0.0,34.178207
1493,100.0,0.0,0.0,0.0,31.574535
1494,100.0,0.0,0.0,0.0,37.585835
1495,100.0,0.0,0.0,0.0,28.247278
1496,100.0,0.0,0.0,0.0,31.125648
1497,100.0,0.0,0.0,0.0,30.501158
1498,100.0,0.0,0.0,0.0,37.306755
1499,100.0,0.0,0.0,0.0,29.337294
1500,100.0,0.0,0.0,0.0,31.848177
1501,100.0,0.0,0.0,0.0,32.233475
1502,100.0,0.0,0.0,0.0,25.449505
1503,100.0,0.0,0.0,0.0,34.567192
1504,100.0,0.0,0.0,0.0,29.61542
1505,100.0,0.0,0.0,0.0,32.193707
1506,100.0,0.0,0.0,0.0,28.525951
1507,100.0,0.0,0.0,0.0,26.851156
1508,100.0,0.0,0.0,0.0,31.367962
1509,100.0,0.0,0.0,0.0,24.35723
1510,100.0,0.0,0.0,0.0,24.007948
1511,100.0,0.0,0.0,0.0,32.729446
1512,100.0,0.0,0.0,0.0,29.750269
1513,100.0,0.0,0.0,0.0,27.86783
1514,100.0,0.0,0.0,0.0,38.919632
1515,100.0,0.0,0.0,0.0,32.86696
1516,100.0,0.0,0.0,0.0,36.813286
1517,100.0,0.0,0.0,0.0,32.092037
1518,100.0,0.0,0.0,0.0,29.457865
1519,100.0,0.0,0.0,0.0,35.52458
1520,100.0,0.0,0.0,0.0,22.11129
1521,100.0,0.0,0.0,0.0,29.18281
1522,100.0,0.0,0.0,0.0,37.34496
1523,100.0,0.0,0.0,0.0,33.205395
1524,100.0,0.0,0.0,0.0,27.332413
1525,100.0,0.0,0.0,0.0,26.065968
1526,100.0,0.0,0.0,0.0,31.483038
1527,100.0,0.0,0.0,0.0,20.63347
1528,100.0,0.0,0.0,0.0,14.973535
1529,100.0,0.0,0.0,0.0,22.650612
1530,100.0,0.0,0.0,0.0,19.534113
1531,100.0,0.0,0.0,0.0,19.702229
1532,100.0,0.0,0.0,0.0,20.837234
1533,100.0,0.0,0.0,0.0,19.780205
1534,100.0,0.0,0.0,0.0,18.847353
1535,100.0,0.0,0.0,0.0,21.76049
1536,100.0,0.0,0.0,0.0,14.511448
1537,100.0,0.0,0.0,0.0,19.532555
1538,100.0,0.0,0.0,0.0,17.2377
1539,100.0,0.0,0.0,0.0,19.549353
1540,100.0,0.0,0.0,0.0,17.483969
1541,100.0,0.0,0.0,0.0,18.162895
1542,100.0,0.0,0.0,0.0,18.825495
1543,100.0,0.0,0.0,0.0,20.778198
1544,100.0,0.0,0.0,0.0,21.71433
1545,100.0,0.0,0.0,0.0,19.690495
1546,100.0,0.0,0.0,0.0,21.10404
1547,100.0,0.0,0.0,0.0,18.709957
1548,100.0,0.0,0.0,0.0,22.548607
1549,100.0,0.0,0.0,0.0,18.91161
1550,100.0,0.0,0.0,0.0,20.233341
1551,100.0,0.0,0.0,0.0,17.464651
1552,100.0,0.0,0.0,0.0,15.988434
1553,100.0,0.0,0.0,0.0,15.443564
1554,100.0,0.0,0.0,0.0,14.969288
1555,100.0,0.0,0.0,0.0,20.597574
1556,100.0,0.0,0.0,0.0,14.52867
1557,100.0,0.0,0.0,0.0,22.101364
1558,100.0,0.0,0.0,0.0,20.191902
1559,100.0,0.0,0.0,0.0,20.5904
1560,100.0,0.0,0.0,0.0,20.848478
1561,100.0,0.0,0.0,0.0,19.49379
1562,100.0,0.0,0.0,0.0,17.181917
1563,100.0,0.0,0.0,0.0,18.562273
1564,100.0,0.0,0.0,0.0,22.27147
1565,100.0,0.0,0.0,0.0,15.3381
1566,100.0,0.0,0.0,0.0,28.511753
1567,100.0,0.0,0.0,0.0,28.832466
1568,100.0,0.0,0.0,0.0,34.702785
1569,100.0,0.0,0.0,0.0,35.505505
1570,100.0,0.0,0.0,0.0,28.331766
1571,100.0,0.0,0.0,0.0,30.664803
1572,100.0,0.0,0.0,0.0,31.163563
1573,100.0,0.0,0.0,0.0,27.309774
1574,100.0,0.0,0.0,0.0,31.44923
1575,100.0,0.0,0.0,0.0,28.06714
1576,100.0,0.0,0.0,0.0,24.758396
1577,100.0,0.0,0.0,0.0,25.319193
1578,100.0,0.0,0.0,0.0,26.22552
1579,100.0,0.0,0.0,0.0,35.450195
1580,100.0,0.0,0.0,0.0,22.655096
1581,100.0,0.0,0.0,0.0,16.425707
1582,100.0,0.0,0.0,0.0,26.427443
1583,100.0,0.0,0.0,0.0,37.03592
1584,100.0,0.0,0.0,0.0,27.93044
1585,100.0,0.0,0.0,0.0,29.038836
1586,100.0,0.0,0.0,0.0,30.402744
1587,100.0,0.0,0.0,0.0,28.889513
1588,100.0,0.0,0.0,0.0,26.939663
1589,100.0,0.0,0.0,0.0,24.926075
1590,100.0,0.0,0.0,0.0,32.02762
1591,100.0,0.0,0.0,0.0,34.432095
1592,100.0,0.0,0.0,0.0,28.247581
1593,100.0,0.0,0.0,0.0,38.75544
1594,100.0,0.0,0.0,0.0,32.231876
1595,100.0,0.0,0.0,0.0,34.86817
1596,100.0,0.0,0.0,0.0,33.13525
1597,100.0,0.0,0.0,0.0,22.947796
1598,100.0,0.0,0.0,0.0,33.469437
1599,100.0,0.0,0.0,0.0,26.11286
1600,100.0,0.0,0.0,0.0,30.699644
1601,100.0,0.0,0.0,0.0,33.191265
1602,100.0,0.0,0.0,0.0,20.279594
1603,100.0,0.0,0.0,0.0,29.86922
1604,100.0,0.0,0.0,0.0,30.000433
1605,100.0,0.0,0.0,0.0,22.98289
1606,100.0,0.0,0.0,0.0,24.425453
1607,100.0,0.0,0.0,0.0,25.6526
1608,100.0,0.0,0.0,0.0,19.663622
1609,100.0,0.0,0.0,0.0,20.548689
1610,100.0,0.0,0.0,0.0,32.02298
1611,100.0,0.0,0.0,0.0,32.043198
1612,100.0,0.0,0.0,0.0,35.437096
1613,100.0,0.0,0.0,0.0,34.191734
1614,100.0,0.0,0.0,0.0,37.15751
1615,100.0,0.0,0.0,0.0,32.982574
1616,100.0,0.0,0.0,0.0,31.853586
1617,100.0,0.0,0.0,0.0,24.836279
1618,100.0,0.0,0.0,0.0,26.63214
1619,100.0,0.0,0.0,0.0,18.363459
1620,100.0,0.0,0.0,0.0,37.200985
1621,100.0,0.0,0.0,0.0,21.119476
1622,100.0,0.0,0.0,0.0,34.33471
1623,100.0,0.0,0.0,0.0,27.629915
1624,100.0,0.0,0.0,0.0,27.113663
1625,100.0,0.0,0.0,0.0,35.498413
1626,100.0,0.0,0.0,0.0,28.716707
1627,100.0,0.0,0.0,0.0,30.919743
1628,100.0,0.0,0.0,0.0,31.484112
1629,100.0,0.0,0.0,0.0,33.145214
1630,100.0,0.0,0.0,0.0,31.776852
1631,100.0,0.0,0.0,0.0,23.681202
1632,100.0,0.0,0.0,0.0,30.216885
1633,100.0,0.0,0.0,0.0,32.611862
1634,100.0,0.0,0.0,0.0,29.445166
1635,100.0,0.0,0.0,0.0,30.753963
1636,100.0,0.0,0.0,0.0,26.502895
1637,100.0,0.0,0.0,0.0,31.138048
1638,100.0,0.0,0.0,0.0,36.816494
1639,100.0,0.0,0.0,0.0,27.374828
1640,100.0,0.0,0.0,0.0,33.263218
1641,100.0,0.0,0.0,0.0,32.931843
1642,100.0,0.0,0.0,0.0,34.937748
1643,100.0,0.0,0.0,0.0,26.85011
1644,100.0,0.0,0.0,0.0,27.0438
1645,100.0,0.0,0.0,0.0,25.312788
1646,100.0,0.0,0.0,0.0,25.508017
1647,100.0,0.0,0.0,0.0,21.226767
1648,100.0,0.0,0.0,0.0,17.786427
1649,100.0,0.0,0.0,0.0,21.357615
1650,100.0,0.0,0.0,0.0,21.6923
1651,100.0,0.0,0.0,0.0,17.167046
1652,100.0,0.0,0.0,0.0,16.318733
1653,100.0,0.0,0.0,0.0,14.272124
1654,100.0,0.0,0.0,0.0,19.585707
1655,100.0,0.0,0.0,0.0,18.094519
1656,100.0,0.0,0.0,0.0,23.921928
1657,100.0,0.0,0.0,0.0,17.20594
1658,100.0,0.0,0.0,0.0,17.858423
1659,100.0,0.0,0.0,0.0,18.341763
1660,100.0,0.0,0.0,0.0,19.782993
1661,100.0,0.0,0.0,0.0,17.856852
1662,100.0,0.0,0.0,0.0,19.299582
1663,100.0,0.0,0.0,0.0,18.412523
1664,100.0,0.0,0.0,0.0,23.448715
1665,100.0,0.0,0.0,0.0,20.699997
1666,100.0,0.0,0.0,0.0,14.466196
1667,100.0,0.0,0.0,0.0,18.976595
1668,100.0,0.0,0.0,0.0,17.980257
1669,100.0,0.0,0.0,0.0,15.203588
1670,100.0,0.0,0.0,0.0,25.137012
1671,100.0,0.0,0.0,0.0,20.125738
1672,100.0,0.0,0.0,0.0,15.911539
1673,100.0,0.0,0.0,0.0,19.168884
1674,100.0,0.0,0.0,0.0,17.250229
1675,100.0,0.0,0.0,0.0,22.90253
1676,100.0,0.0,0.0,0.0,15.194215
1677,100.0,0.0,0.0,0.0,18.85283
1678,100.0,0.0,0.0,0.0,22.358208
1679,100.0,0.0,0.0,0.0,19.978153
1680,100.0,0.0,0.0,0.0,15.155902
1681,100.0,0.0,0.0,0.0,18.705456
1682,100.0,0.0,0.0,0.0,19.067226
1683,100.0,0.0,0.0,0.0,19.703398
1684,100.0,0.0,0.0,0.0,20.427578
1685,100.0,0.0,0.0,0.0,17.708813
1686,100.0,0.0,0.0,0.0,13.965598
1687,100.0,0.0,0.0,0.0,26.822172
1688,100.0,0.0,0.0,0.0,22.586376
1689,100.0,0.0,0.0,0.0,29.536488
1690,100.0,0.0,0.0,0.0,29.862253
1691,100.0,0.0,0.0,0.0,32.049667
1692,100.0,0.0,0.0,0.0,29.327278
1693,100.0,0.0,0.0,0.0,27.911268
1694,100.0,0.0,0.0,0.0,27.875525
1695,100.0,0.0,0.0,0.0,31.44681
1696,100.0,0.0,0.0,0.0,31.5011
1697,100.0,0.0,0.0,0.0,30.243942
1698,100.0,0.0,0.0,0.0,28.107378
1699,100.0,0.0,0.0,0.0,34.33557
1700,100.0,0.0,0.0,0.0,22.786211
1701,100.0,0.0,0.0,0.0,27.863218
1702,100.0,0.0,0.0,0.0,34.54522
1703,100.0,0.0,0.0,0.0,25.072708
1704,100.0,0.0,0.0,0.0,22.972485
1705,100.0,0.0,0.0,0.0,30.046524
1706,100.0,0.0,0.0,0.0,35.4766
1707,100.0,0.0,0.0,0.0,35.309834
1708,100.0,0.0,0.0,0.0,33.529896
1709,100.0,0.0,0.0,0.0,29.79263
1710,100.0,0.0,0.0,0.0,25.379213
1711,100.0,0.0,0.0,0.0,24.939054
1712,100.0,0.0,0.0,0.0,28.843252
1713,100.0,0.0,0.0,0.0,31.740591
1714,100.0,0.0,0.0,0.0,32.04016
1715,100.0,0.0,0.0,0.0,32.0714
1716,100.0,0.0,0.0,0.0,31.48748
1717,100.0,0.0,0.0,0.0,37.24194
1718,100.0,0.0,0.0,0.0,25.05049
1719,100.0,0.0,0.0,0.0,29.388092
1720,100.0,0.0,0.0,0.0,34.831383
1721,100.0,0.0,0.0,0.0,25.63792
1722,100.0,0.0,0.0,0.0,23.08708
1723,100.0,0.0,0.0,0.0,30.580578
1724,100.0,0.0,0.0,0.0,31.951468
1725,100.0,0.0,0.0,0.0,25.00309
1726,100.0,0.0,0.0,0.0,26.51758
1727,100.0,0.0,0.0,0.0,26.507032
1728,100.0,0.0,0.0,0.0,28.429651
1729,100.0,0.0,0.0,0.0,40.933914
1730,100.0,0.0,0.0,0.0,31.834066
1731,100.0,0.0,0.0,0.0,37.229904
1732,100.0,0.0,0.0,0.0,29.03288
1733,100.0,0.0,0.0,0.0,37.28328
1734,100.0,0.0,0.0,0.0,29.134943
1735,100.0,0.0,0.0,0.0,26.047064
1736,100.0,0.0,0.0,0.0,25.994196
1737,100.0,0.0,0.0,0.0,30.435305
1738,100.0,0.0,0.0,0.0,30.359943
1739,100.0,0.0,0.0,0.0,32.126987
1740,100.0,0.0,0.0,0.0,31.101269
1741,100.0,0.0,0.0,0.0,22.93888
1742,100.0,0.0,0.0,0.0,29.65052
1743,100.0,0.0,0.0,0.0,30.33725
1744,100.0,0.0,0.0,0.0,28.632864
1745,100.0,0.0,0.0,0.0,33.26632
1746,100.0,0.0,0.0,0.0,39.37578
1747,100.0,0.0,0.0,0.0,28.267544
1748,100.0,0.0,0.0,0.0,22.310143
1749,100.0,0.0,0.0,0.0,36.041157
1750,100.0,0.0,0.0,0.0,42.43098
1751,100.0,0.0,0.0,0.0,31.422846
1752,100.0,0.0,0.0,0.0,30.531555
1753,100.0,0.0,0.0,0.0,34.62074
1754,100.0,0.0,0.0,0.0,22.132076
1755,100.0,0.0,0.0,0.0,32.99261
1756,100.0,0.0,0.0,0.0,33.35356
1757,100.0,0.0,0.0,0.0,34.403946
1758,100.0,0.0,0.0,0.0,25.55986
1759,100.0,0.0,0.0,0.0,39.284904
1760,100.0,0.0,0.0,0.0,21.754831
1761,100.0,0.0,0.0,0.0,23.84843
1762,100.0,0.0,0.0,0.0,27.369741
1763,100.0,0.0,0.0,0.0,19.582954
1764,100.0,0.0,0.0,0.0,22.013968
1765,100.0,0.0,0.0,0.0,28.354963
1766,100.0,0.0,0.0,0.0,0.0
1767,99.44269,0.0,29.4129,29.970215,16.195164
1768,99.18325,0.0,33.515987,39.660156,21.751495
1769,98.9527,0.0,56.378128,57.425415,14.082265
1770,98.92112,0.0,73.16318,74.242065,21.292439
1771,95.58151,0.0,54.276215,58.694702,19.086695
1772,93.94199,0.0,32.338116,38.39612,22.684694
1773,92.80529,0.0,21.060661,28.255371,31.861595
1774,92.0491,0.0,49.338173,57.289062,33.073715
1775,91.70798,0.0,75.15647,83.44849,17.09551
1776,87.92112,0.0,55.268166,67.347046,20.484392
1777,87.804924,0.0,59.439915,71.63501,15.723778
1778,86.960785,0.0,47.349445,60.38867,20.109282
1779,86.85065,0.0,41.72613,54.87549,16.418383
1780,86.57308,0.0,68.732994,82.15991,19.169327
1781,86.16554,0.0,49.562645,63.397095,20.611874
1782,84.56725,0.0,48.933697,64.366455,20.059978
1783,84.512146,0.0,38.196465,53.684326,20.424662
1784,82.85683,0.0,43.408966,60.552124,17.216955
1785,82.23889,0.0,46.993664,64.75476,19.654537
1786,80.371605,0.0,59.49783,79.12622,30.717728
1787,78.81541,0.0,45.88035,67.06494,21.096075
1788,78.084656,0.0,55.296333,77.21167,18.848368
1789,77.86176,0.0,41.519466,63.657715,19.708727
1790,77.00468,0.0,13.808149,36.803467,28.25541
1791,75.74609,0.0,68.3645,92.61841,16.043097
1792,75.72066,0.0,42.953926,67.23328,16.36297
1793,72.761955,0.0,46.823353,74.0614,19.686192
1794,72.3505,0.0,52.212566,79.86206,20.427197
1795,72.29569,0.0,39.501366,67.20569,21.653385
1796,72.13817,0.0,66.077866,93.9397,18.530653
1797,70.526215,0.0,27.756205,57.22998,33.39196
1798,69.86432,0.0,40.808395,70.94409,20.848671
1799,69.75294,0.0,47.05007,77.29712,20.916483
1800,68.54427,0.0,42.114586,73.57031,20.632956
1801,67.787796,0.0,21.454788,53.666992,32.642666
1802,67.308914,0.0,44.22249,76.913574,20.603867
1803,66.984764,0.0,16.863918,49.87915,27.551838
1804,66.892654,0.0,47.797195,80.90454,19.648462
1805,66.744865,0.0,16.589111,49.84424,21.20533
1806,66.53812,0.0,41.839027,75.3009,17.90468
1807,65.97501,0.0,49.101727,83.12671,18.584675
1808,65.64818,0.0,29.126461,63.47827,26.914833
1809,65.50849,0.0,64.16279,98.6543,16.418592
1810,64.53591,0.0,41.84207,77.30615,16.765905
1811,63.852142,0.0,22.444788,58.59265,29.45426
1812,62.622627,0.0,35.11189,72.48926,25.098988
1813,61.6658,0.0,46.57449,84.90869,18.554256
1814,61.513073,0.0,45.395405,83.882324,18.939365
1815,60.93619,0.0,33.5358,72.59961,19.801796
1816,60.741947,0.0,18.083496,57.341553,35.375317
1817,60.680683,0.0,23.384787,62.7041,29.656933
1818,60.504063,0.0,10.806307,50.302246,34.91755
1819,60.405476,0.0,42.863483,82.45801,19.182983
1820,60.08884,0.0,36.52269,76.43384,15.175845
1821,59.13396,0.0,52.215008,92.776245,16.266535
1822,58.75502,0.0,43.180553,84.42554,21.768051
1823,58.63455,0.0,45.396915,42.45459,22.888285
1824,58.625145,0.0,19.408958,60.783813,30.73221
1825,58.61172,0.0,30.673723,72.06201,32.27658
1826,56.309025,0.0,18.135675,61.82666,33.58056
1827,55.574413,0.0,16.00508,60.430664,30.651371
1828,55.40878,0.0,27.182951,71.77417,23.230213
1829,55.30877,0.0,54.153984,98.845215,18.058762
1830,55.274414,0.0,37.426514,82.1521,22.24696
1831,53.60942,0.0,32.83256,79.223145,20.874687
1832,52.023987,0.0,20.889952,68.86597,28.516788
1833,51.590565,0.0,27.006302,32.582947,36.224934
1834,51.103897,0.0,47.388565,96.28467,16.974236
1835,50.9743,0.0,26.091003,75.1167,35.586033
1836,50.837036,0.0,41.5343,90.697266,20.730396
1837,50.802803,0.0,29.945627,79.14282,30.763163
1838,50.787857,0.0,16.862564,66.07471,28.339775
1839,50.776352,0.0,24.421103,74.22302,16.783667
1840,50.013603,0.0,49.97422,33.78659,22.929382
1841,50.01344,0.0,44.94984,94.9364,20.798372
1842,49.9535,0.0,34.68507,84.73157,25.526457
1843,49.809483,0.0,31.18497,81.37549,28.802753
1844,48.912006,0.0,30.630022,81.71802,26.251663
1845,47.317516,0.0,31.348524,84.031006,32.62054
1846,47.30204,0.0,45.0661,75.86322,17.763922
1847,47.233616,0.0,34.096897,86.86328,27.156258
1848,46.576473,0.0,24.135555,77.55908,30.241161
1849,46.538246,0.0,30.489176,83.95093,33.34114
1850,46.273308,0.0,23.243399,76.97009,25.786333
1851,46.16841,0.0,30.54158,84.37317,20.19282
1852,46.023468,0.0,46.022247,99.99878,18.243061
1853,45.712437,0.0,32.242462,86.53003,21.855438
1854,45.528503,0.0,41.716614,96.18811,18.938684
1855,45.42835,0.0,44.85431,23.263306,18.55499
1856,45.194164,0.0,10.806956,65.61279,25.235628
1857,45.091137,0.0,32.93309,76.699005,21.503397
1858,44.469753,0.0,44.466335,99.99658,14.82604
1859,43.8761,0.0,43.824585,99.94849,20.088345
1860,43.52095,0.0,20.172874,61.612244,28.785845
1861,43.440163,0.0,37.857147,42.42151,16.306389
1862,42.63276,0.0,40.312992,29.257751,18.555738
1863,42.255016,0.0,31.943983,89.688965,21.163486
1864,41.720783,0.0,29.264,87.54321,23.912354
1865,41.411938,0.0,27.990198,86.57825,31.047575
1866,41.41174,0.0,16.257442,74.8457,22.43005
1867,41.129005,0.0,10.051125,68.92212,44.81484
1868,40.91704,0.0,24.07109,83.15405,32.713184
1869,40.847744,0.0,37.47055,96.6228,18.603302
1870,40.578117,0.0,24.399406,83.82129,24.754648
1871,40.009224,0.0,39.994858,78.33594,15.459362
1872,39.880974,0.0,33.82324,93.94226,19.828405
1873,39.49527,0.0,38.68818,54.387817,15.841195
1874,39.47928,0.0,18.580227,79.10095,27.548996
1875,37.33674,0.0,37.336617,99.99988,20.27802
1876,37.181286,0.0,23.877007,43.27368,26.915943
1877,37.102478,0.0,19.45111,82.34863,29.176657
1878,36.723312,0.0,19.258224,82.53491,31.707735
1879,36.474045,0.0,33.865837,74.58005,34.6301
1880,36.460472,0.0,33.080536,26.229126,25.968252
1881,36.11974,0.0,19.27233,83.15259,28.773718
1882,34.62007,0.0,33.421867,89.32886,19.475677
1883,33.916096,0.0,26.177322,92.26123,24.543886
1884,33.821518,0.0,33.80206,61.37329,16.8687
1885,33.77947,0.0,28.560965,94.781494,34.94002
1886,33.75367,0.0,21.652348,87.89868,32.347443
1887,33.367916,0.0,13.972168,80.60425,30.775269
1888,33.160984,0.0,30.725925,97.56494,24.252125
1889,33.135845,0.0,33.12608,99.990234,23.63157
1890,33.08571,0.0,17.357674,84.27197,33.355736
1891,32.840935,0.0,11.674189,78.83325,33.3625
1892,32.654022,0.0,27.827118,95.173096,28.081572
1893,32.501904,0.0,32.496216,9.034851,15.169052
1894,32.154434,0.0,21.185198,89.03076,30.841574
1895,32.041763,0.0,28.21718,96.175415,27.57637
1896,31.878544,0.0,12.352418,80.47388,21.697924
1897,31.740452,0.0,23.719212,91.97876,25.830223
1898,31.547955,0.0,31.479885,90.93158,19.648676
1899,31.433455,0.0,29.747908,98.31445,22.372454
1900,31.231636,0.0,31.22956,99.997925,19.776695
1901,30.856533,0.0,30.81052,50.22824,20.724422
1902,30.836004,0.0,30.773748,99.937744,16.015608
1903,30.408533,0.0,7.204428,76.7959,38.79764
1904,30.112799,0.0,20.673101,90.5603,35.74065
1905,29.6552,0.0,29.645357,34.61548,16.182598
1906,28.658604,0.0,13.54166,84.88306,32.223526
1907,28.240427,0.0,28.23738,37.30902,15.899382
1908,28.177422,0.0,27.250645,3.3492432,18.153278
1909,27.928457,0.0,21.86904,19.531006,41.522522
1910,27.81194,0.0,27.762835,14.876343,20.726324
1911,27.308706,0.0,22.058218,94.74951,33.27871
1912,26.916918,0.0,26.910315,23.7453,20.3917
1913,26.66896,0.0,26.655838,30.059814,21.671814
1914,26.616898,0.0,26.533829,20.08899,17.17223
1915,26.575493,0.0,24.695005,65.18347,28.394205
1916,26.420479,0.0,26.378807,66.96643,20.486925
1917,26.025146,0.0,26.024582,66.574646,19.150007
1918,26.001575,0.0,7.14049,81.138916,36.484898
1919,25.966227,0.0,25.952276,61.130127,16.893303
1920,25.781176,0.0,25.775682,13.092712,32.529087
1921,25.778902,0.0,25.778566,29.32312,19.418749
1922,25.038458,0.0,25.035772,99.997314,26.691517
1923,23.863585,0.0,18.219545,94.35596,34.215683
1924,23.770771,0.0,23.458393,99.68762,24.720488
1925,23.729027,0.0,15.487087,91.75806,31.939064
1926,23.585733,0.0,23.567522,22.043335,17.175673
1927,23.563553,0.0,15.9305,92.36694,28.192223
1928,23.39066,0.0,23.377354,99.986694,32.03151
1929,22.913671,0.0,22.901579,48.44864,24.956644
1930,22.72507,0.0,22.70908,99.98401,28.572567
1931,22.618153,0.0,22.617886,10.068115,16.662598
1932,22.61351,0.0,22.592514,99.979004,18.994585
1933,22.358671,0.0,22.341627,51.396606,16.03411
1934,22.206469,0.0,22.199747,69.17255,13.326245
1935,22.096638,0.0,22.088203,8.071716,20.082869
1936,21.952251,0.0,21.95079,6.0898743,19.281618
1937,21.856316,0.0,21.853184,29.073975,17.84838
1938,21.767801,0.0,21.7637,8.313416,17.237543
1939,21.766592,0.0,20.283806,98.51721,36.017128
1940,21.633738,0.0,21.63287,3.1859741,19.440025
1941,21.604233,0.0,21.59948,47.904114,18.220806
1942,21.371048,0.0,21.364895,9.573364,16.271992
1943,21.333273,0.0,21.330702,67.00815,18.594492
1944,20.965698,0.0,20.961906,101.36792,18.500477
1945,20.647125,0.0,17.33389,96.68677,35.623005
1946,20.526745,0.0,20.405163,99.87842,21.93896
1947,20.360243,0.0,20.359415,29.000854,19.637243
1948,20.069149,0.0,20.068417,99.99927,21.917469
1949,19.89969,0.0,19.896399,17.642761,18.787199
1950,19.865433,0.0,18.85884,98.99341,24.064732
1951,19.818453,0.0,19.814547,99.99609,22.678518
1952,19.796906,0.0,15.045195,95.24829,34.846973
1953,19.713722,0.0,18.172455,45.5094,30.630405
1954,19.689695,0.0,19.672472,49.598267,17.578676
1955,19.651394,0.0,10.493,80.60089,42.442425
1956,19.316107,0.0,16.652105,42.295044,35.498676
1957,19.289038,0.0,19.270487,20.877197,14.221366
1958,19.121565,0.0,19.100492,41.163757,17.328514
1959,19.014374,0.0,19.014137,15.525391,21.131458
1960,18.76185,0.0,18.542612,99.78076,31.68895
1961,18.710302,0.0,18.679167,74.48743,23.262346
1962,18.621346,0.0,18.62098,99.99963,33.94817
1963,18.59923,0.0,18.57276,12.278198,19.18215
1964,18.587437,0.0,18.555073,54.405396,30.01676
1965,18.496817,0.0,18.476442,13.464722,24.169401
1966,18.35434,0.0,18.331636,5.6173096,26.478388
1967,18.154226,0.0,18.154167,8.6362,18.227905
1968,18.032352,0.0,18.026997,65.475464,18.34138
1969,17.929512,0.0,17.924873,99.99536,21.190132
1970,17.916855,0.0,17.915897,47.77008,20.38787
1971,17.79882,0.0,17.796507,17.615845,19.27537
1972,17.64127,0.0,17.63757,87.163574,14.364317
1973,17.549286,0.0,17.54322,23.1427,24.277887
1974,17.410246,0.0,17.38885,46.446075,18.67886
1975,17.390198,0.0,17.37915,37.851685,15.971979
1976,17.30734,0.0,17.271297,13.542236,35.056705
1977,17.142025,0.0,17.129324,16.610352,19.510677
1978,17.078552,0.0,17.06947,10.818848,29.000694
1979,17.031294,0.0,15.89847,32.33149,20.323206
1980,16.897297,0.0,16.876415,65.26282,23.726702
1981,16.446205,0.0,16.445175,19.447327,18.389082
1982,16.415287,0.0,16.407738,44.215637,31.488855
1983,16.327503,0.0,16.310265,16.52478,21.819252
1984,16.319494,0.0,16.317167,9.805664,31.151913
1985,16.240692,0.0,16.233738,14.35144,19.873285
1986,16.176468,0.0,16.063705,9.954407,28.97543
1987,16.0977,0.0,16.096815,52.65808,18.889835
1988,15.972248,0.0,15.969246,11.695129,18.042141
1989,15.922837,0.0,15.917083,13.503418,19.84129
1990,15.815623,0.0,15.812293,59.380188,18.051275
1991,15.801201,0.0,15.800462,7.430542,29.899284
1992,15.749079,0.0,15.746298,35.23575,22.336151
1993,15.596463,0.0,15.546388,31.32373,20.449045
1994,15.515332,0.0,15.494489,81.247925,23.758951
1995,15.407151,0.0,15.393152,12.065552,28.41789
1996,15.378878,0.0,15.37488,12.962799,19.209639
1997,15.311532,0.0,15.301024,19.431519,18.973333
1998,15.179476,0.0,15.170116,2.7669678,43.09395
1999,15.166198,0.0,4.8198843,89.65369,27.293585
2000,15.11861,0.0,15.080652,22.263168,28.941975
2001,15.024817,0.0,14.972135,31.204346,32.13794
2002,15.021158,0.0,15.015123,62.980103,19.460377
2003,14.829694,0.0,14.829106,26.47815,15.158415
2004,14.80172,0.0,14.795645,2.2243042,22.176216
2005,14.693854,0.0,14.687339,68.33948,30.182697
2006,14.627214,0.0,14.594202,47.945312,29.609932
2007,14.58516,0.0,14.546842,39.578003,33.42814
2008,14.542658,0.0,14.274743,10.819885,25.181911
2009,14.489762,0.0,14.479302,38.58313,21.57372
2010,14.17077,0.0,14.146693,28.457031,23.689423
2011,14.16546,0.0,14.140008,91.612915,18.762516
2012,14.149456,0.0,14.146172,63.570374,20.667255
2013,13.956907,0.0,13.954237,47.859985,18.29768
2014,13.91129,0.0,13.903878,49.667847,33.02826
2015,13.884629,0.0,13.884088,54.667114,23.647264
2016,13.727761,0.0,13.725808,99.99805,27.418613
2017,13.701616,0.0,13.695757,99.99414,23.301723
2018,13.688502,0.0,13.668012,7.1206055,34.278885
2019,13.59988,0.0,13.591745,29.476685,17.945967
2020,13.566184,0.0,13.558211,35.877197,18.960993
2021,13.527321,0.0,13.525586,3.847107,29.590502
2022,13.473273,0.0,13.472999,8.081055,25.103785
2023,13.373192,0.0,13.259827,55.97107,21.269556
2024,13.364936,0.0,13.318942,12.968994,35.98633
2025,13.34512,0.0,6.0521536,92.70703,33.116623
2026,13.227331,0.0,13.180374,8.596436,31.45281
2027,13.131496,0.0,13.043337,14.204277,16.823515
2028,13.032908,0.0,12.970624,6.3948975,24.38793
2029,13.024291,0.0,9.060178,96.03589,36.89256
2030,13.015903,0.0,13.010178,48.22754,24.546064
2031,12.866136,0.0,12.859178,99.99304,34.363583
2032,12.857914,0.0,8.730961,95.87305,34.04541
2033,12.782313,0.0,12.779662,45.075195,16.49743
2034,12.770212,0.0,12.727837,6.533203,25.547373
2035,12.761603,0.0,12.75904,99.99744,31.353523
2036,12.616093,0.0,12.61475,99.99866,34.13017
2037,12.611594,0.0,12.610526,21.803467,16.639217
2038,12.586672,0.0,12.5860615,99.99939,29.420042
2039,12.579552,0.0,12.578268,17.514893,15.93614
2040,12.563814,0.0,12.547022,3.6462402,25.557972
2041,12.544014,0.0,12.539719,64.21329,20.218254
2042,12.5364275,0.0,12.533513,15.037048,22.729328
2043,12.2291565,0.0,12.228718,6.953186,21.43136
2044,12.046189,0.0,12.044389,39.225708,22.730791
2045,11.981557,0.0,11.960553,60.37909,31.26675
2046,11.96639,0.0,11.949275,13.225586,19.680532
2047,11.932191,0.0,11.924722,61.76001,30.647366
2048,11.923559,0.0,11.9223385,99.99878,30.416676
2049,11.876045,0.0,11.874914,19.241821,18.166607
2050,11.833663,0.0,11.829028,29.47107,22.405846
2051,11.818733,0.0,11.815804,17.980042,20.006392
2052,11.793341,0.0,11.793341,100.0,21.171497
2053,11.695523,0.0,11.684215,10.818909,21.599287
2054,11.545628,0.0,11.523508,9.76062,22.506836
2055,11.500585,0.0,11.480439,28.747925,22.66646
2056,11.482248,0.0,11.470924,15.823853,18.4045
2057,11.432407,0.0,11.427025,47.825836,15.173314
2058,11.424677,0.0,11.419523,58.02057,15.916772
2059,11.363497,0.0,10.35951,22.634125,18.5789
2060,11.305475,0.0,11.28723,16.140503,18.831066
2061,11.271911,0.0,11.258698,23.531494,17.427017
2062,11.193203,0.0,11.16836,19.161392,16.498318
2063,10.931888,0.0,10.744369,8.05246,16.742287
2064,10.675022,0.0,10.424778,13.213936,22.87543
2065,10.666225,0.0,10.66032,43.28235,25.604145
2066,10.648563,0.0,10.648483,23.2005,18.623163
2067,10.621762,0.0,10.572724,32.844543,26.486988
2068,10.6078825,0.0,10.581354,6.046509,24.028818
2069,10.50236,0.0,10.376701,7.4925537,23.3544
2070,10.487645,0.0,10.472705,20.30188,18.770504
2071,10.478295,0.0,10.474389,99.99609,22.89571
2072,10.301345,0.0,10.299949,100.14783,34.85422
2073,10.298554,0.0,9.771779,17.051773,19.445208
2074,10.147926,0.0,10.076166,21.022812,25.206457
2075,10.078584,0.0,10.058778,32.73706,22.899746
2076,9.902568,0.0,9.896953,99.994385,29.009386
2077,9.808533,0.0,9.77548,18.463928,31.225025
2078,9.744537,0.0,9.41349,16.395004,15.960661
2079,9.7199335,0.0,9.719592,9.535889,31.325594
2080,9.509168,0.0,9.477022,0.73187256,31.682394
2081,9.454932,0.0,9.372529,23.149368,29.093515
2082,9.373378,0.0,9.360141,52.640167,19.232227
2083,9.370603,0.0,9.366208,99.995605,32.218666
2084,9.292587,0.0,9.2484,22.822205,17.127832
2085,9.245945,0.0,9.227678,13.564819,32.881916
2086,9.23377,0.0,9.177311,10.121826,29.57922
2087,9.207124,0.0,9.198857,25.458374,40.412678
2088,9.187949,0.0,9.187081,17.89856,21.191507
2089,9.162667,0.0,9.144906,11.843079,30.885334
2090,9.130145,0.0,9.12399,24.66684,32.54842
2091,9.124745,0.0,9.121385,13.428345,27.808554
2092,9.02226,0.0,9.019027,27.880127,19.703398
2093,8.9047785,0.0,8.883279,8.958496,31.546951
2094,8.9024725,0.0,8.899709,21.273254,24.334255
2095,8.850003,0.0,8.838998,40.91101,31.545511
2096,8.810775,0.0,8.806272,18.941162,32.31765
2097,8.752062,0.0,8.750729,8.810242,29.216646
2098,8.735169,0.0,8.719937,35.12195,19.975948
2099,8.717281,0.0,8.709579,16.713684,31.750929
2100,8.703223,0.0,8.687495,38.358826,27.95435
2101,8.633371,0.0,8.610151,13.349182,30.65377
2102,8.5981045,0.0,8.589657,14.392212,23.577785
2103,8.562766,0.0,8.549258,24.54663,23.969706
2104,8.502741,0.0,8.4229145,47.19287,33.44916
2105,8.43346,0.0,8.431485,13.956299,27.929384
2106,8.425669,0.0,8.407958,11.868408,20.988401
2107,8.276213,0.0,7.814022,26.26191,20.564339
2108,8.268915,0.0,8.267318,11.372131,25.522251
2109,8.110752,0.0,8.098354,64.4845,34.2943
2110,7.952731,0.0,7.774403,6.3772125,21.57987
2111,7.93386,0.0,7.8979864,60.47937,32.837067
2112,7.913971,0.0,7.9007483,14.061798,15.807258
2113,7.874596,0.0,7.8381467,10.479492,18.072098
2114,7.8617964,0.0,7.852008,14.187195,17.940514
2115,7.8346167,0.0,7.8196783,18.923325,28.907265
2116,7.830955,0.0,7.8083262,10.6970215,20.45966
2117,7.7946224,0.0,7.790742,15.503052,23.461637
2118,7.7793226,0.0,7.768146,5.7539062,24.854387
2119,7.775326,0.0,7.758215,16.892578,34.119797
2120,7.714535,0.0,7.697737,19.702637,35.436012
2121,7.696204,0.0,7.6699057,45.10956,38.651245
2122,7.690093,0.0,7.662033,5.8723145,30.364681
2123,7.6819997,0.0,7.677377,3.0562744,29.53921
2124,7.6488585,0.0,7.520143,25.126953,17.359854
2125,7.5883856,0.0,7.568927,12.97876,29.805737
2126,7.5742173,0.0,7.5729966,99.99878,29.04995
2127,7.5557265,0.0,7.552675,99.99695,22.036621
2128,7.5538125,0.0,7.5536904,99.99988,18.99875
2129,7.5055413,0.0,6.926335,11.066971,14.89703
2130,7.453739,0.0,7.4398546,11.116211,23.170965
2131,7.4440904,0.0,7.4402814,27.564697,36.652393
2132,7.435051,0.0,7.3154087,19.608002,26.668867
2133,7.415073,0.0,7.3383822,18.78476,30.964727
2134,7.3806562,0.0,7.367831,39.010742,28.6937
2135,7.3623753,0.0,7.361988,18.455261,21.11542
2136,7.3279433,0.0,6.742578,24.950203,17.972656
2137,7.2939754,0.0,7.2679505,15.564209,28.415524
2138,7.21179,0.0,7.205063,31.37854,17.755093
2139,7.1839776,0.0,7.1805215,59.475464,32.552914
2140,7.104174,0.0,7.103786,11.674561,28.709116
2141,7.0872145,0.0,7.0788603,19.944946,27.203005
2142,7.0627575,0.0,7.053335,43.21277,35.368164
2143,7.0192785,0.0,7.0131016,5.6487427,17.446117
2144,7.009026,0.0,6.97405,3.47583,30.0476
2145,6.9757504,0.0,6.966796,4.6056595,15.930943
2146,6.9539795,0.0,5.854763,19.279587,18.727942
2147,6.9177866,0.0,6.9075785,18.490356,25.369066
2148,6.877611,0.0,6.8766346,99.99902,34.286938
2149,6.863176,0.0,6.8616233,26.773438,26.213902
2150,6.8243384,0.0,6.6454673,18.694908,21.257278
2151,6.7859526,0.0,6.7810736,14.330811,19.858778
2152,6.7401996,0.0,6.706861,19.854797,26.69882
2153,6.703948,0.0,6.625448,10.358475,24.734646
2154,6.6967473,0.0,6.6949544,17.426117,31.501833
2155,6.6906023,0.0,6.6393633,10.136429,19.241125
2156,6.6743712,0.0,6.660352,18.478867,17.044672
2157,6.652179,0.0,6.6460333,33.364075,17.122723
2158,6.561308,0.0,6.553892,9.161041,13.85508
2159,6.5031004,0.0,6.4945,10.860046,19.209074
2160,6.4957213,0.0,6.484772,15.624695,31.698381
2161,6.475933,0.0,6.4688888,0.5213623,21.357862
2162,6.464195,0.0,6.4225698,4.97229,25.877764
2163,6.456707,0.0,6.441325,5.6250153,29.323374
2164,6.435354,0.0,6.4169254,61.09674,29.580656
2165,6.4124045,0.0,6.410333,49.39612,33.29044
2166,6.3816257,0.0,6.2803893,27.773438,20.513035
2167,6.347994,0.0,6.3477,15.655151,28.272255
2168,6.338554,0.0,6.304871,4.886505,33.810963
2169,6.3253527,0.0,6.2884607,40.818604,26.109596
2170,6.2824736,0.0,6.2635107,42.92935,29.5053
2171,6.2347155,0.0,6.182822,23.893127,25.112053
2172,6.2188354,0.0,5.91715,23.858307,16.937166
2173,6.199929,0.0,6.184949,12.776184,31.22433
2174,6.0989375,0.0,6.0945907,26.46167,31.414253
2175,6.036627,0.0,6.0001144,9.206314,28.952883
2176,5.9818015,0.0,5.906438,1.6611328,34.71003
2177,5.9756293,0.0,5.964378,12.860352,32.3663
2178,5.9328923,0.0,5.6872163,3.2211914,20.008623
2179,5.9021854,0.0,5.899,42.57263,31.622976
2180,5.7701063,0.0,5.7011757,9.48201,36.749985
2181,5.7197084,0.0,5.685383,11.1571045,33.870544
2182,5.6582904,0.0,5.6554027,24.548157,16.737398
2183,5.6521807,0.0,5.1839943,6.1208496,19.668213
2184,5.6037526,0.0,5.599647,9.223022,36.483475
2185,5.5620117,0.0,5.538452,99.97644,23.707417
2186,5.531064,0.0,5.528512,44.735962,29.162012
2187,5.5021777,0.0,5.4628086,1.7934875,19.888977
2188,5.4850736,0.0,5.4834433,7.762665,24.009193
2189,5.476074,0.0,5.4298105,2.7606812,30.224596
2190,5.4235163,0.0,5.4013147,21.07666,31.35968
2191,5.41466,0.0,5.386248,17.319336,38.102356
2192,5.391104,0.0,5.3904176,27.700317,31.723843
2193,5.383016,0.0,5.3638062,5.2837524,32.505764
2194,5.3816338,0.0,5.378992,8.195618,33.266006
2195,5.177446,0.0,5.1766257,56.45923,31.337498
2196,5.1594048,0.0,5.147503,55.200195,32.442112
2197,5.150963,0.0,5.0990524,16.72049,27.200253
2198,5.148077,0.0,5.132195,2.6775513,35.494747
2199,5.136296,0.0,5.112181,29.612427,30.60383
2200,5.074415,0.0,5.035326,24.275757,35.988846
2201,5.0636435,0.0,5.0577583,4.4923706,26.697556
2202,5.007889,0.0,4.984287,7.308838,28.630857
2203,4.9997363,0.0,4.629604,14.378853,21.44579
2204,4.9989243,0.0,4.9913254,68.56055,30.191313
2205,4.9502215,0.0,4.910802,0.51867676,30.612423
2206,4.947193,0.0,4.934057,9.635071,29.995697
2207,4.917171,0.0,4.913626,2.6211548,29.667635
2208,4.904929,0.0,4.6928854,5.3222504,29.666428
2209,4.903368,0.0,4.873068,36.11328,33.881954
2210,4.8940907,0.0,4.6206884,6.3939667,26.918488
2211,4.8680835,0.0,4.6816,17.42575,17.650412
2212,4.836981,0.0,4.581831,34.6239,25.070995
2213,4.785561,0.0,4.3157544,6.9374847,19.84497
2214,4.785125,0.0,4.7816153,46.686615,22.395994
2215,4.78322,0.0,4.760181,25.355957,27.480148
2216,4.761572,0.0,4.76005,40.928345,22.512226
2217,4.7391777,0.0,4.727577,37.49237,28.104881
2218,4.730364,0.0,4.7072773,28.658691,27.039843
2219,4.721703,0.0,4.7058873,20.432129,23.332066
2220,4.70858,0.0,4.688421,6.732788,35.264694
2221,4.6687245,0.0,4.640553,6.2314453,26.452616
2222,4.5426755,0.0,4.5324063,26.489624,27.727009
2223,4.52541,0.0,4.52126,99.99585,35.323246
2224,4.520238,0.0,4.505877,7.4035034,21.986433
2225,4.464675,0.0,4.4460287,49.996216,24.164824
2226,4.4597173,0.0,4.449784,52.505463,33.77296
2227,4.4570365,0.0,4.443767,10.348022,32.804718
2228,4.3913608,0.0,4.295339,21.054382,18.430914
2229,4.384453,0.0,4.087929,15.650505,22.00226
2230,4.341875,0.0,4.303053,25.700378,27.39705
2231,4.2764015,0.0,3.9818401,12.124542,15.077271
2232,4.229929,0.0,4.216623,3.8953857,25.823492
2233,4.228437,0.0,4.2054915,26.316528,22.559797
2234,4.211561,0.0,4.208164,6.2229614,30.589321
2235,4.2028065,0.0,4.1505737,17.989899,27.6821
2236,4.202189,0.0,4.198893,99.996704,26.452112
2237,4.1967335,0.0,4.1768274,10.548035,29.85861
2238,4.1613617,0.0,4.1503325,6.7821045,30.16901
2239,4.1564665,0.0,4.138423,67.387085,28.595478
2240,4.1530247,0.0,4.142641,60.529144,22.093458
2241,4.1183257,0.0,4.011955,31.092773,38.945248
2242,4.1149445,0.0,4.1134863,9.655151,32.250927
2243,4.0903068,0.0,4.084203,4.063568,19.054058
2244,4.063836,0.0,4.0613546,18.169067,33.520897
2245,4.0291147,0.0,4.003221,0.06591797,36.990677
2246,4.024005,0.0,2.8418665,19.036057,16.328188
2247,3.9904432,0.0,3.9667406,20.057312,30.943308
2248,3.9832234,0.0,3.9771333,26.20111,33.374306
2249,3.9584546,0.0,3.9489017,13.0563965,33.910206
2250,3.9542713,0.0,3.931242,47.37744,39.67226
2251,3.8750043,0.0,3.8635135,8.614807,32.540127
2252,3.8539844,0.0,3.8385806,57.306885,31.998148
2253,3.847245,0.0,3.8291347,10.47644,22.504822
2254,3.7529557,0.0,3.7267525,18.09491,27.970543
2255,3.7427359,0.0,3.7370214,51.377014,27.519018
2256,3.7309952,0.0,3.7284813,42.972656,28.53069
2257,3.7253108,0.0,3.705398,35.331665,25.053133
2258,3.7188048,0.0,3.711576,23.709534,18.90509
2259,3.7157602,0.0,3.6770086,11.377441,22.95215
2260,3.666115,0.0,3.6442425,5.9726562,28.501009
2261,3.6271663,0.0,3.622027,5.088623,27.877584
2262,3.5998917,0.0,3.595726,13.922363,27.058023
2263,3.5755239,0.0,3.572908,12.568726,31.332254
2264,3.5398679,0.0,3.5259595,39.15271,26.353815
2265,3.4896371,0.0,3.4703834,9.205322,22.502003
2266,3.4668791,0.0,3.3649416,2.3347168,27.480398
2267,3.4570456,0.0,3.4116802,4.728882,25.05221
2268,3.3852258,0.0,3.3296094,8.983032,34.622715
2269,3.3820772,0.0,3.37988,99.9978,30.04337
2270,3.3660364,0.0,3.3505716,27.601868,34.342003
2271,3.3648703,0.0,3.3357623,17.71463,28.380722
2272,3.323714,0.0,3.2961147,13.81311,29.933762
2273,3.3202863,0.0,3.294232,40.28369,41.803036
2274,3.2864127,0.0,3.277512,7.69989,24.226847
2275,3.280477,0.0,3.2579865,2.0477295,29.418524
2276,3.24892,0.0,3.2356982,51.714844,30.208418
2277,3.2267344,0.0,3.1926339,9.626221,33.57882
2278,3.2247038,0.0,3.22153,99.996826,36.984985
2279,3.1900249,0.0,3.1695533,27.19635,21.778645
2280,3.184833,0.0,3.1663678,1.5517578,26.41356
2281,3.1490438,0.0,3.1241338,38.108643,26.752607
2282,3.1263914,0.0,3.0804644,14.39624,40.73675
2283,3.121863,0.0,3.1071687,11.78949,31.563395
2284,3.102109,0.0,3.0642672,99.96216,30.304203
2285,3.0878534,0.0,2.8196688,17.835114,24.168768
2286,3.072805,0.0,2.902803,23.43805,30.309093
2287,3.0519319,0.0,3.0481477,99.996216,35.896507
2288,3.0511532,0.0,3.0017757,43.48703,34.807972
2289,3.0153513,0.0,3.0151758,34.955322,34.945927
2290,3.012435,0.0,3.010106,14.450958,34.088562
2291,2.94908,0.0,2.9476075,55.777832,32.031742
2292,2.886763,0.0,2.6512003,2.7540283,18.20585
2293,2.8001924,0.0,2.7487302,16.176636,21.148403
2294,2.774267,0.0,2.7133539,12.9496,22.353868
2295,2.6933196,0.0,2.63572,2.2428894,26.190453
2296,2.6813333,0.0,2.6697109,14.784546,32.30703
2297,2.6448512,0.0,2.6165729,37.388794,31.41936
2298,2.5930512,0.0,2.591819,16.306885,38.97535
2299,2.5473547,0.0,2.539168,0.97753906,27.797876
2300,2.5398364,0.0,2.5253687,3.3533936,26.775394
2301,2.5375965,0.0,2.5361469,10.559937,20.21861
2302,2.4807198,0.0,2.4631264,7.242676,23.244461
2303,2.4751358,0.0,2.4598422,4.0476685,31.541859
2304,2.460641,0.0,1.9353962,15.281265,22.502014
2305,2.451357,0.0,2.4511037,4.6367188,27.468996
2306,2.4414933,0.0,2.4350235,99.99353,32.65549
2307,2.4085867,0.0,2.3744643,18.22313,23.178978
2308,2.35806,0.0,2.3511267,10.531616,36.37376
2309,2.3512301,0.0,2.2903235,8.666504,37.11439
2310,2.3139608,0.0,2.312906,11.65271,29.842596
2311,2.1491985,0.0,1.9821987,11.301216,22.780584
2312,2.1349754,0.0,2.1290803,2.4713135,35.184334
2313,2.1230378,0.0,2.104608,10.156769,30.483484
2314,2.0317183,0.0,2.017909,43.627853,33.92472
2315,2.0106041,0.0,2.00513,35.72992,24.774208
2316,1.9846468,0.0,1.9535131,22.606628,28.78187
2317,1.9812199,0.0,1.9744316,7.873291,30.588978
2318,1.9673829,0.0,1.959229,29.267883,37.344414
2319,1.9503489,0.0,1.9484129,26.233032,18.817663
2320,1.8702711,0.0,1.8606383,1.3027344,31.39474
2321,1.8465095,0.0,1.8366597,3.723755,38.2856
2322,1.8422822,0.0,1.814596,8.639282,34.527107
2323,1.8404248,0.0,1.8337452,22.92273,34.928905
2324,1.8340099,0.0,1.8071668,15.40448,28.188442
2325,1.782623,0.0,1.7583921,4.338867,29.48254
2326,1.7667825,0.0,1.6946561,17.55008,31.52078
2327,1.7471575,0.0,1.7390741,35.644775,33.340942
2328,1.7360129,0.0,1.0976211,5.8985596,20.789309
2329,1.7325332,0.0,1.7182815,60.400696,35.50034
2330,1.7083774,0.0,1.7060304,13.106201,28.372032
2331,1.7009426,0.0,1.6559407,27.928955,26.596046
2332,1.6170399,0.0,1.5368578,8.715408,22.498861
2333,1.6123282,0.0,1.5855643,39.295258,32.179024
2334,1.6001059,0.0,1.5924708,26.359863,28.654905
2335,1.5948093,0.0,1.3878467,11.8294525,28.156776
2336,1.5568078,0.0,1.5394132,6.210556,40.95323
2337,1.5237136,0.0,1.507194,6.8082275,26.295872
2338,1.5150566,0.0,1.5109463,12.144989,20.928793
2339,1.5082146,0.0,1.2586113,7.1913757,19.098646
2340,1.4059952,0.0,1.3790902,30.870972,37.824688
2341,1.3706495,0.0,1.3692056,26.421082,32.05347
2342,1.3371629,0.0,1.3299979,14.947388,29.470469
2343,1.3028858,0.0,1.2885921,13.003845,34.70862
2344,1.2871372,0.0,1.2554475,8.923462,26.659782
2345,1.2332128,0.0,1.2304562,4.994873,29.27944
2346,1.1951048,0.0,1.1773131,4.8164673,28.67125
2347,1.167838,0.0,1.1650409,14.245605,34.161022
2348,1.1421589,0.0,1.1262263,2.2457886,24.754087
2349,1.1286782,0.0,1.113511,18.155579,26.876368
2350,1.122832,0.0,1.0891062,7.3343506,37.384464
2351,1.1129695,0.0,0.8817073,6.7986298,25.895823
2352,1.0843192,0.0,1.0562946,30.587769,32.62612
2353,1.0695672,0.0,1.0653863,33.947205,26.085394
2354,1.0492235,0.0,1.0437495,35.99231,36.73281
2355,1.0251673,0.0,0.97615236,38.196777,31.840212
2356,0.94305694,0.0,0.93049896,19.412842,35.541153
2357,0.9272833,0.0,0.9214773,16.995605,33.294426
2358,0.86767614,0.0,0.7876643,2.3370667,31.178701
2359,0.8340444,0.0,0.7435693,6.953781,36.517754
2360,0.8093747,0.0,0.80052745,6.4844513,27.405945
2361,0.80543923,0.0,0.7822422,41.885742,27.675068
2362,0.7568753,0.0,0.7193148,10.592163,31.830753
2363,0.71018815,0.0,0.6824515,46.110413,30.62104
2364,0.7066722,0.0,0.67841005,5.551193,22.316956
2365,0.69355977,0.0,0.6752976,2.5498047,33.21469
2366,0.6875581,0.0,0.6517877,44.348022,27.087584
2367,0.6846351,0.0,0.6638784,8.617676,35.71441
2368,0.6691949,0.0,0.6619584,45.609955,18.019869
2369,0.6613931,0.0,0.503211,4.424942,29.842148
2370,0.65110034,0.0,0.63689727,8.357788,26.145338
2371,0.5974786,0.0,0.46955276,42.02034,30.945694
2372,0.5501048,0.0,0.25078318,5.5684357,30.30656
2373,0.5212039,0.0,0.46823302,31.864685,29.510384
2374,0.5093807,0.0,0.29989946,15.14003,21.627203
2375,0.48301813,0.0,0.4462411,5.088135,29.728033
2376,0.48046663,0.0,0.41545275,20.73883,33.878986
2377,0.45637363,0.0,0.06936494,10.169006,31.00681
2378,0.4402039,0.0,0.4343331,28.45105,34.433342
2379,0.40033248,0.0,0.30971056,37.293,31.744823
2380,0.3831971,0.0,0.35829857,41.34192,43.7395
2381,0.3777851,0.0,0.37330472,22.439941,32.07888
2382,0.34278855,0.0,0.0069306823,2.2223969,33.21874
2383,0.29630834,0.0,0.21416837,10.061279,34.71354
2384,0.28874618,0.0,0.26338038,10.349731,30.627802
2385,0.27133307,0.0,0.16824707,4.428406,25.513638
2386,0.22304696,0.0,0.1904785,3.6865387,30.475006
2387,0.17231148,0.0,0.1538741,2.9648438,29.478968
2388,0.15110569,0.0,0.08371049,14.769226,28.583273
2389,0.14521325,0.0,0.05498994,19.057068,28.711697
2390,0.10060943,0.0,0.065099426,0.7408447,33.051548
2391,0.07026448,0.0,0.014796881,27.982422,30.288015
2392,0.06860758,0.0,0.052466642,5.5093994,31.531801
2393,0.06433516,0.0,0.020209601,2.1835938,35.128605
2394,0.06323973,0.0,0.06011502,4.119873,30.839254
2395,0.061082654,0.0,0.044702347,37.391968,32.444244
2396,0.055873126,0.0,0.028915614,6.9451294,35.707615
2397,0.038243927,0.0,0.0,0.0,35.205753
2398,0.032177925,0.0,0.007519722,5.5755615,33.222015
2399,0.026019454,0.0,0.008647321,8.048767,33.92487
2400,0.014985629,0.0,4.3398998E-4,2.755951,28.590967
